year_1,year_2,nhgisnam_1,nhgisst_1,nhgiscty_1,icpsrst_1,icpsrcty_1,icpsrnam_1,statenam_1,gisjoin_1,nhgisnam_2,nhgisst_2,nhgiscty_2,icpsrst_2,icpsrcty_2,icpsrnam_2,statenam_2,gisjoin_2,area_1,area_2,area_intersection,weight_value,weight_count
1970,1790,Hampton City,510,6500,40,6500,HAMPTON,Virginia,G5106500,Elizabeth City,510,0550,40,550,ELIZABETH CITY,Virginia,G5100550,135032321.852867,136064259.721653,135032321.852867,1,0.992415805069627
1970,1790,Newport News City,510,7000,40,7000,NEWPORT NEWS,Virginia,G5107000,Elizabeth City,510,0550,40,550,ELIZABETH CITY,Virginia,G5100550,180301103.036985,136064259.721653,1031937.76576388,0.00572341349210824,0.00758419417321579
1970,1790,Cape May,340,0090,12,90,CAPE MAY,New Jersey,G3400090,Cumberland,340,0110,12,110,CUMBERLAND,New Jersey,G3400110,674354590.856591,1355212420.76132,50723119.8381238,0.0752172826074979,0.037428169238317
1970,1790,Cumberland,340,0110,12,110,CUMBERLAND,New Jersey,G3400110,Cumberland,340,0110,12,110,CUMBERLAND,New Jersey,G3400110,1304489298.01597,1355212420.76132,1304489298.01597,1,0.962571828616468
1970,1790,Fayette,210,0670,51,670,FAYETTE,Kentucky,G2100670,Fayette (old),510,0617,51,670,FAYETTE,Virginia,G5100617,739492683.164324,1430649579.09155,739492683.164324,1,0.516892951266162
1970,1790,Jessamine,210,1130,51,1130,JESSAMINE,Kentucky,G2101130,Fayette (old),510,0617,51,670,FAYETTE,Virginia,G5100617,451832240.335617,1430649579.09155,451832240.335617,1,0.315823138621078
1970,1790,Clark,210,0490,51,490,CLARK,Kentucky,G2100490,Fayette (old),510,0617,51,670,FAYETTE,Virginia,G5100617,660851789.154431,1430649579.09155,239324656.160992,0.362145733867515,0.167283910510749
1970,1790,Ohio,540,0690,56,690,OHIO,West Virginia,G5400690,Ohio,510,1355,40,1355,OHIO,Virginia,G5101355,281934169.21886,3985986516.3465,281934169.21886,1,0.0707313404254256
1970,1790,Tyler,540,0950,56,950,TYLER,West Virginia,G5400950,Ohio,510,1355,40,1355,OHIO,Virginia,G5101355,675189737.39399,3985986516.3465,675189737.39399,1,0.169390873407384
1970,1790,Wetzel,540,1030,56,1030,WETZEL,West Virginia,G5401030,Ohio,510,1355,40,1355,OHIO,Virginia,G5101355,935931759.550534,3985986516.3465,935931759.550534,1,0.234805550824692
1970,1790,Brooke,540,0090,56,90,BROOKE,West Virginia,G5400090,Ohio,510,1355,40,1355,OHIO,Virginia,G5101355,238947971.54721,3985986516.3465,238947971.54721,1,0.0599470094962154
1970,1790,Marshall,540,0510,56,510,MARSHALL,West Virginia,G5400510,Ohio,510,1355,40,1355,OHIO,Virginia,G5101355,808552867.805619,3985986516.3465,808552867.805619,1,0.20284887178864
1970,1790,Doddridge,540,0170,56,170,DODDRIDGE,West Virginia,G5400170,Ohio,510,1355,40,1355,OHIO,Virginia,G5101355,830050300.48977,3985986516.3465,651435974.933908,0.784815058255541,0.163431555089907
1970,1790,Hancock,540,0290,56,290,HANCOCK,West Virginia,G5400290,Ohio,510,1355,40,1355,OHIO,Virginia,G5101355,228836552.618979,3985986516.3465,228836552.618979,1,0.0574102676164413
1970,1790,Pleasants,540,0730,56,730,PLEASANTS,West Virginia,G5400730,Ohio,510,1355,40,1355,OHIO,Virginia,G5101355,348581162.391934,3985986516.3465,165157481.338076,0.473799215668395,0.04143453086476
1970,1790,Orange,360,0710,13,710,ORANGE,New York,G3600710,Orange,360,0710,13,710,ORANGE,New York,G3600710,2171806581.04385,1750741135.1827,1287467660.14125,0.592809539937231,0.735384366236933
1970,1790,Rockland,360,0870,13,870,ROCKLAND,New York,G3600870,Orange,360,0710,13,710,ORANGE,New York,G3600710,463273475.041525,1750741135.1827,463273475.041525,1,0.264615633763115
1970,1790,Sampson,370,1630,47,1630,SAMPSON,North Carolina,G3701630,New Hanover,370,1290,47,1290,NEW HANOVER,North Carolina,G3701290,2453915512.14339,3138698599.15001,314425451.515677,0.128132142268028,0.100177013364974
1970,1790,Brunswick,370,0190,47,190,BRUNSWICK,North Carolina,G3700190,New Hanover,370,1290,47,1290,NEW HANOVER,North Carolina,G3701290,2237790166.96452,3138698599.15001,28416474.1843936,0.0126984534135028,0.00905358488135468
1970,1790,New Hanover,370,1290,47,1290,NEW HANOVER,North Carolina,G3701290,New Hanover,370,1290,47,1290,NEW HANOVER,North Carolina,G3701290,526956422.771874,3138698599.15001,526956422.771874,1,0.167890100347507
1970,1790,Pender,370,1410,47,1410,PENDER,North Carolina,G3701410,New Hanover,370,1290,47,1290,NEW HANOVER,North Carolina,G3701290,2268900250.67799,3138698599.15001,2268900250.67799,1,0.722879301406141
1970,1790,Hartford,090,0030,1,30,HARTFORD,Connecticut,G0900030,New Haven,090,0090,1,90,NEW HAVEN,Connecticut,G0900090,1943959499.01766,1528737988.5542,2883887.9537617,0.0014835123649536,0.00188645011463941
1970,1790,New Haven,090,0090,1,90,NEW HAVEN,Connecticut,G0900090,New Haven,090,0090,1,90,NEW HAVEN,Connecticut,G0900090,1603794383.32142,1528737988.5542,1465948245.90428,0.914049993658372,0.958927073756237
1970,1790,Middlesex,090,0070,1,70,MIDDLESEX,Connecticut,G0900070,New Haven,090,0090,1,90,NEW HAVEN,Connecticut,G0900090,992406269.325784,1528737988.5542,59905850.0249834,0.0603642398044119,0.0391864730735442
1970,1790,Appomattox,510,0110,40,110,APPOMATTOX,Virginia,G5100110,Buckingham,510,0290,40,290,BUCKINGHAM,Virginia,G5100290,866956618.772393,1885593138.79601,374173899.002402,0.431594719851416,0.198438301086161
1970,1790,Buckingham,510,0290,40,290,BUCKINGHAM,Virginia,G5100290,Buckingham,510,0290,40,290,BUCKINGHAM,Virginia,G5100290,1511419239.68431,1885593138.79601,1511419239.68431,1,0.801561698855876
1970,1790,Colonial Heights City,510,5700,40,5700,COLONIAL HEIGHTS,Virginia,G5105700,Chesterfield,510,0410,40,410,CHESTERFIELD,Virginia,G5100410,20164424.8622525,1250566303.8595,20164424.8622525,1,0.0161242349166302
1970,1790,Powhatan,510,1450,40,1450,POWHATAN,Virginia,G5101450,Chesterfield,510,0410,40,410,CHESTERFIELD,Virginia,G5100410,679616442.549051,1250566303.8595,7694457.97861147,0.0113217654795869,0.00615277890893494
1970,1790,Richmond City,510,7600,40,7600,RICHMOND CITY,Virginia,G5107600,Chesterfield,510,0410,40,410,CHESTERFIELD,Virginia,G5100410,162002308.308794,1250566303.8595,93259396.1843029,0.575667082511813,0.0745737318337184
1970,1790,Chesterfield,510,0410,40,410,CHESTERFIELD,Virginia,G5100410,Chesterfield,510,0410,40,410,CHESTERFIELD,Virginia,G5100410,1131796175.69604,1250566303.8595,1129448025.92864,0.997925289183849,0.903149255215765
1970,1790,Forsyth,370,0670,47,670,FORSYTH,North Carolina,G3700670,Rowan,370,1590,47,1590,ROWAN,North Carolina,G3701590,1069462000.62406,3572822637.04362,67529758.5071361,0.0631436726762903,0.0189009546141408
1970,1790,Davidson,370,0570,47,570,DAVIDSON,North Carolina,G3700570,Rowan,370,1590,47,1590,ROWAN,North Carolina,G3701590,1467932188.84866,3572822637.04362,1459580661.15021,0.994310685628466,0.408523122871265
1970,1790,Rowan,370,1590,47,1590,ROWAN,North Carolina,G3701590,Rowan,370,1590,47,1590,ROWAN,North Carolina,G3701590,1356799253.76123,3572822637.04362,1356799253.71024,0.999999999962415,0.379755557872567
1970,1790,Davie,370,0590,47,590,DAVIE,North Carolina,G3700590,Rowan,370,1590,47,1590,ROWAN,North Carolina,G3701590,691237222.736408,3572822637.04362,688912963.933359,0.996637538132209,0.192820364714048
1970,1790,Orange,370,1350,47,1350,ORANGE,North Carolina,G3701350,Orange,370,1350,47,1350,ORANGE,North Carolina,G3701350,1039141424.53402,2581694014.22021,1039141424.53402,1,0.402503712217765
1970,1790,Chatham,370,0370,47,370,CHATHAM,North Carolina,G3700370,Orange,370,1350,47,1350,ORANGE,North Carolina,G3701350,1836433157.90963,2581694014.22021,74781.4602008127,4.07210357092086e-05,2.89660431441176e-05
1970,1790,Durham,370,0630,47,630,DURHAM,North Carolina,G3700630,Orange,370,1350,47,1350,ORANGE,North Carolina,G3701350,771284250.039692,2581694014.22021,548299337.787408,0.71089139673109,0.212379675812596
1970,1790,Alamance,370,0010,47,10,ALAMANCE,North Carolina,G3700010,Orange,370,1350,47,1350,ORANGE,North Carolina,G3701350,1126061806.91941,2581694014.22021,994178472.174312,0.882880909436143,0.385087646598817
1970,1790,Fayette,420,0510,14,510,FAYETTE,Pennsylvania,G4200510,Fayette,420,0510,14,510,FAYETTE,Pennsylvania,G4200510,2066812707.5207,2066812707.5207,2066812707.5207,1,1
1970,1790,King And Queen,510,0970,40,970,KING AND QUEEN,Virginia,G5100970,King And Queen,510,0970,40,970,KING AND QUEEN,Virginia,G5100970,829598768.545693,829598768.545693,829598768.545693,1,1
1970,1790,Northampton,370,1310,47,1310,NORTHAMPTON,North Carolina,G3701310,Northampton,370,1310,47,1310,NORTHAMPTON,North Carolina,G3701310,1426082164.89493,1426082164.89493,1426082164.89493,1,1
1970,1790,Appomattox,510,0110,40,110,APPOMATTOX,Virginia,G5100110,Charlotte,510,0370,40,370,CHARLOTTE,Virginia,G5100370,866956618.772393,1311515933.81362,74937972.4733011,0.086437972616684,0.0571384384598338
1970,1790,Charlotte,510,0370,40,370,CHARLOTTE,Virginia,G5100370,Charlotte,510,0370,40,370,CHARLOTTE,Virginia,G5100370,1236577961.34032,1311515933.81362,1236577961.34032,1,0.942861561540162
1970,1790,Charlottesville City,510,5400,40,5400,CHARLOTTESVILLE,Virginia,G5105400,Albemarle,510,0030,40,30,ALBEMARLE,Virginia,G5100030,25562147.4540214,1907381415.22889,25562147.4540214,1,0.0134016968236811
1970,1790,Albemarle,510,0030,40,30,ALBEMARLE,Virginia,G5100030,Albemarle,510,0030,40,30,ALBEMARLE,Virginia,G5100030,1881819266.87926,1907381415.22889,1881819266.87926,1,0.986598302706767
1970,1790,Hampden,250,0130,3,130,HAMPDEN,Massachusetts,G2500130,Hampshire,250,0150,3,150,HAMPSHIRE,Massachusetts,G2500150,1642345438.337,4930698597.08691,1623339541.52874,0.988427588761408,0.329231144342876
1970,1790,Franklin,250,0110,3,110,FRANKLIN,Massachusetts,G2500110,Hampshire,250,0150,3,150,HAMPSHIRE,Massachusetts,G2500150,1877039173.66314,4930698597.08691,1831878673.75783,0.975940566111268,0.371525177961621
1970,1790,Worcester,250,0270,3,270,WORCESTER,Massachusetts,G2500270,Hampshire,250,0150,3,150,HAMPSHIRE,Massachusetts,G2500150,4089604891.4053,4930698597.08691,62822228.6614209,0.0153614420780472,0.0127410401233076
1970,1790,Hampshire,250,0150,3,150,HAMPSHIRE,Massachusetts,G2500150,Hampshire,250,0150,3,150,HAMPSHIRE,Massachusetts,G2500150,1412658152.98036,4930698597.08691,1412658152.98036,1,0.286502637540038
1970,1790,Hunterdon,340,0190,12,190,HUNTERDON,New Jersey,G3400190,Hunterdon,340,0190,12,190,HUNTERDON,New Jersey,G3400190,1133786091.9148,1405560916.28543,1133786091.9148,1,0.806643154898711
1970,1790,Mercer,340,0210,12,210,MERCER,New Jersey,G3400210,Hunterdon,340,0190,12,190,HUNTERDON,New Jersey,G3400190,589813518.510609,1405560916.28543,271774824.370633,0.460780934721394,0.193356845101293
1970,1790,Hartford,090,0030,1,30,HARTFORD,Connecticut,G0900030,New London,090,0110,1,110,NEW LONDON,Connecticut,G0900110,1943959499.01766,1557319128.09996,35125062.4621935,0.0180688242115863,0.0225548263219811
1970,1790,New London,090,0110,1,110,NEW LONDON,Connecticut,G0900110,New London,090,0110,1,110,NEW LONDON,Connecticut,G0900110,1781000477.67104,1557319128.09996,1522194065.63774,0.854684816046914,0.977445173678002
1970,1790,Greenville,450,0450,48,450,GREENVILLE,South Carolina,G4500450,Laurens,450,0590,48,590,LAURENS,South Carolina,G4500590,2058973770.40132,1987707428.40362,112590791.796219,0.0546829655699176,0.0566435433038772
1970,1790,Laurens,450,0590,48,590,LAURENS,South Carolina,G4500590,Laurens,450,0590,48,590,LAURENS,South Carolina,G4500590,1875116636.60739,1987707428.40362,1875116636.60739,1,0.943356456696117
1970,1790,New Kent,510,1270,40,1270,NEW KENT,Virginia,G5101270,New Kent,510,1270,40,1270,NEW KENT,Virginia,G5101270,567619458.023103,567619458.023103,567619458.023103,1,1
1970,1790,Goochland,510,0750,40,750,GOOCHLAND,Virginia,G5100750,Goochland,510,0750,40,750,GOOCHLAND,Virginia,G5100750,751062298.239734,751062298.239734,751062298.239734,1,1
1970,1790,Louisa,510,1090,40,1090,LOUISA,Virginia,G5101090,Louisa,510,1090,40,1090,LOUISA,Virginia,G5101090,1322938907.6353,1322938907.6353,1322938907.6353,1,1
1970,1790,Hampshire,540,0270,56,270,HAMPSHIRE,West Virginia,G5400270,Hampshire,510,0833,40,835,HAMPSHIRE,Virginia,G5100833,1669539819.14724,2703713366.97842,1669539819.14724,1,0.61749882200459
1970,1790,Morgan,540,0650,56,650,MORGAN,West Virginia,G5400650,Hampshire,510,0833,40,835,HAMPSHIRE,Virginia,G5100833,594836684.469703,2703713366.97842,181732362.135771,0.305516399510204,0.0672158389107901
1970,1790,Mineral,540,0570,56,570,MINERAL,West Virginia,G5400570,Hampshire,510,0833,40,835,HAMPSHIRE,Virginia,G5100833,852441185.695598,2703713366.97842,852441185.695598,1,0.31528533908469
1970,1790,Carteret,370,0310,47,310,CARTERET,North Carolina,G3700310,Craven,370,0490,47,490,CRAVEN,North Carolina,G3700490,1330939737.35214,2822217070.87195,186761371.240265,0.140322935741494,0.0661754098108985
1970,1790,Pamlico,370,1370,47,1370,PAMLICO,North Carolina,G3701370,Craven,370,0490,47,490,CRAVEN,North Carolina,G3700490,883598335.479375,2822217070.87195,610603499.263982,0.69104193019186,0.216355965515909
1970,1790,Greene,370,0790,47,790,GREENE,North Carolina,G3700790,Craven,370,0490,47,490,CRAVEN,North Carolina,G3700490,688665931.117022,2822217070.87195,32707544.9927731,0.047494065721708,0.0115893087496164
1970,1790,Lenoir,370,1070,47,1070,LENOIR,North Carolina,G3701070,Craven,370,0490,47,490,CRAVEN,North Carolina,G3700490,1041411313.63225,2822217070.87195,161014014.508979,0.154611355188175,0.0570523140019249
1970,1790,Craven,370,0490,47,490,CRAVEN,North Carolina,G3700490,Craven,370,0490,47,490,CRAVEN,North Carolina,G3700490,1873473220.18302,2822217070.87195,1831118791.40565,0.977392562476429,0.648822803286321
1970,1790,Jones,370,1030,47,1030,JONES,North Carolina,G3701030,Craven,370,0490,47,490,CRAVEN,North Carolina,G3700490,1225581646.57404,2822217070.87195,11849.4607526176,9.66843848040747e-06,4.19863548942271e-06
1970,1790,Niagara,360,0630,13,630,NIAGARA,New York,G3600630,Indian Lands (No Data),360,0435,,,Indian Lands (No Data),New York,G3600435,1357143937.7206,14280789394.6946,1357143937.7206,1,0.0950328374861958
1970,1790,Erie,360,0290,13,290,ERIE,New York,G3600290,Indian Lands (No Data),360,0435,,,Indian Lands (No Data),New York,G3600435,2710423042.8042,14280789394.6946,2710423042.8042,1,0.189795043389628
1970,1790,Chautauqua,360,0130,13,130,CHAUTAUQUA,New York,G3600130,Indian Lands (No Data),360,0435,,,Indian Lands (No Data),New York,G3600435,2809825889.3892,14280789394.6946,2809825889.3892,1,0.19675564226394
1970,1790,Genesee,360,0370,13,370,GENESEE,New York,G3600370,Indian Lands (No Data),360,0435,,,Indian Lands (No Data),New York,G3600435,1282894463.20408,14280789394.6946,860118607.870983,0.670451570679325,0.060229066062029
1970,1790,Cattaraugus,360,0090,13,90,CATTARAUGUS,New York,G3600090,Indian Lands (No Data),360,0435,,,Indian Lands (No Data),New York,G3600435,3424588922.53102,14280789394.6946,3424588922.53102,1,0.239803895140648
1970,1790,Wyoming,360,1210,13,1210,WYOMING,New York,G3601210,Indian Lands (No Data),360,0435,,,Indian Lands (No Data),New York,G3600435,1544759520.1266,14280789394.6946,1239565121.60612,0.802432421005267,0.0867994819716779
1970,1790,Orleans,360,0730,13,730,ORLEANS,New York,G3600730,Indian Lands (No Data),360,0435,,,Indian Lands (No Data),New York,G3600435,1018200300.69729,14280789394.6946,758561289.95322,0.745002029005233,0.0531176021848646
1970,1790,Allegany,360,0030,13,30,ALLEGANY,New York,G3600030,Indian Lands (No Data),360,0435,,,Indian Lands (No Data),New York,G3600435,2679115191.01101,14280789394.6946,1120562582.45977,0.418258455709366,0.0784664314758446
1970,1790,Hartford,090,0030,1,30,HARTFORD,Connecticut,G0900030,Hartford,090,0030,1,30,HARTFORD,Connecticut,G0900030,1943959499.01766,1858417905.73578,1794225974.58236,0.92297497735371,0.965458828740673
1970,1790,Hampden,250,0130,3,130,HAMPDEN,Massachusetts,G2500130,Hartford,090,0030,1,30,HARTFORD,Connecticut,G0900030,1642345438.337,1858417905.73578,18247478.7893604,0.0111106216532847,0.00981882424455868
1970,1790,New Haven,090,0090,1,90,NEW HAVEN,Connecticut,G0900090,Hartford,090,0030,1,30,HARTFORD,Connecticut,G0900030,1603794383.32142,1858417905.73578,28432670.8429124,0.0177283766164769,0.0152993956607707
1970,1790,Tolland,090,0130,1,130,TOLLAND,Connecticut,G0900130,Hartford,090,0030,1,30,HARTFORD,Connecticut,G0900030,1080049965.92191,1858417905.73578,17511781.5211687,0.0162138623894321,0.00942295135400965
1970,1790,Kings,360,0470,13,470,KINGS,New York,G3600470,Kings,360,0470,13,470,KINGS,New York,G3600470,179195293.795439,179497245.620607,179195293.795439,1,0.998317791316945
1970,1790,New York,360,0610,13,610,NEW YORK,New York,G3600610,Kings,360,0470,13,470,KINGS,New York,G3600470,59669749.3686744,179497245.620607,206446.823258856,0.00345982387127701,0.00115013922662196
1970,1790,Queens,360,0810,13,810,QUEENS,New York,G3600810,Kings,360,0470,13,470,KINGS,New York,G3600470,291964464.299226,179497245.620607,95504.9023063555,0.000327111391914035,0.000532068901537458
1970,1790,Gloucester,510,0730,40,730,GLOUCESTER,Virginia,G5100730,Gloucester,510,0730,40,730,GLOUCESTER,Virginia,G5100730,575280878.243214,803620904.530619,575280878.243214,1,0.715861017302961
1970,1790,Matthews,510,1150,40,1150,MATHEWS,Virginia,G5101150,Gloucester,510,0730,40,730,GLOUCESTER,Virginia,G5100730,228340026.287429,803620904.530619,228340026.287429,1,0.284138982697069
1970,1790,Shenandoah,510,1710,40,1710,SHENANDOAH,Virginia,G5101710,Shenandoah,510,1710,40,1710,SHENANDOAH,Virginia,G5101710,1327437048.73653,2230089053.35182,1327437048.73653,1,0.595239480119144
1970,1790,Warren,510,1870,40,1870,WARREN,Virginia,G5101870,Shenandoah,510,1710,40,1710,SHENANDOAH,Virginia,G5101710,560279823.347312,2230089053.35182,287322303.202623,0.512819293555954,0.128838937068804
1970,1790,Page,510,1390,40,1390,PAGE,Virginia,G5101390,Shenandoah,510,1710,40,1710,SHENANDOAH,Virginia,G5101710,813492968.014414,2230089053.35182,615329701.412694,0.756404450446082,0.275921582812066
1970,1790,Philadelphia,420,1010,14,1010,PHILADELPHIA,Pennsylvania,G4201010,Philadelphia,420,1010,14,1010,PHILADELPHIA,Pennsylvania,G4201010,352680036.054273,352680036.054273,352680036.054273,1,1
1970,1790,York,420,1330,14,1330,YORK,Pennsylvania,G4201330,York,420,1330,14,1330,YORK,Pennsylvania,G4201330,2357546913.56621,3708274810.55921,2357546913.56621,1,0.635753021014829
1970,1790,Adams,420,0010,14,10,ADAMS,Pennsylvania,G4200010,York,420,1330,14,1330,YORK,Pennsylvania,G4201330,1350727896.99316,3708274810.55921,1350727896.99316,1,0.364246978985214
1970,1790,Franklin,510,0670,40,670,FRANKLIN,Virginia,G5100670,Franklin,510,0670,40,670,FRANKLIN,Virginia,G5100670,1842936163.70493,1817399649.56718,1817399649.56718,0.986143570981634,1
1970,1790,Wake,370,1830,47,1830,WAKE,North Carolina,G3701830,Wake,370,1830,47,1830,WAKE,North Carolina,G3701830,2220300775.95318,2443285688.7187,2220300775.95318,1,0.908735636689926
1970,1790,Durham,370,0630,47,630,DURHAM,North Carolina,G3700630,Wake,370,1830,47,1830,WAKE,North Carolina,G3701830,771284250.039692,2443285688.7187,222984912.252262,0.289108603268881,0.091264363100002
1970,1790,Chatham,370,0370,47,370,CHATHAM,North Carolina,G3700370,Chatham,370,0370,47,370,CHATHAM,North Carolina,G3700370,1836433157.90963,2158850649.96734,1836358376.44943,0.999959278964292,0.85061853467131
1970,1790,Lee,370,1050,47,1050,LEE,North Carolina,G3701050,Chatham,370,0370,47,370,CHATHAM,North Carolina,G3700370,671663554.955415,2158850649.96734,190608932.012051,0.283786325170947,0.088291856602
1970,1790,Alamance,370,0010,47,10,ALAMANCE,North Carolina,G3700010,Chatham,370,0370,47,370,CHATHAM,North Carolina,G3700370,1126061806.91941,2158850649.96734,131883334.745076,0.117119090563841,0.0610896055950285
1970,1790,Roane,470,1450,54,1450,ROANE,Tennessee,G4701450,Southwest Territory,465,0000,,,,Southwest Territory,G4650000,1023405047.72742,109977590789.755,1023405047.72742,1,0.00930557798528133
1970,1790,Haywood,470,0750,54,750,HAYWOOD,Tennessee,G4700750,Southwest Territory,465,0000,,,,Southwest Territory,G4650000,1383455626.83359,109977590789.755,1383455626.83359,1,0.0125794320179131
1970,1790,Lincoln,470,1030,54,1030,LINCOLN,Tennessee,G4701030,Southwest Territory,465,0000,,,,Southwest Territory,G4650000,1477929879.5419,109977590789.755,1477929879.5419,1,0.0134384638627634
1970,1790,Smith,470,1590,54,1590,SMITH,Tennessee,G4701590,Southwest Territory,465,0000,,,,Southwest Territory,G4650000,842658370.283831,109977590789.755,842658370.283831,1,0.00766209156095034
1970,1790,Shelby,470,1570,54,1570,SHELBY,Tennessee,G4701570,Southwest Territory,465,0000,,,,Southwest Territory,G4650000,2029625521.38583,109977590789.755,2029625521.38583,1,0.0184549007376046
1970,1790,McMinn,470,1070,54,1070,MCMINN,Tennessee,G4701070,Southwest Territory,465,0000,,,,Southwest Territory,G4650000,1119454630.09626,109977590789.755,1119454630.09626,1,0.01017893392697
1970,1790,Hickman,470,0810,54,810,HICKMAN,Tennessee,G4700810,Southwest Territory,465,0000,,,,Southwest Territory,G4650000,1586899267.95851,109977590789.755,1586899267.95851,1,0.0144292965190718
1970,1790,Obion,470,1310,54,1310,OBION,Tennessee,G4701310,Southwest Territory,465,0000,,,,Southwest Territory,G4650000,1438347308.45288,109977590789.755,1438347308.45288,1,0.0130785489855163
1970,1790,Sullivan,470,1630,54,1630,SULLIVAN,Tennessee,G4701630,Southwest Territory,465,0000,,,,Southwest Territory,G4650000,1112894307.06059,109977590789.755,1112894307.06059,1,0.0101192824744463
1970,1790,Robertson,470,1470,54,1470,ROBERTSON,Tennessee,G4701470,Southwest Territory,465,0000,,,,Southwest Territory,G4650000,1234586157.03424,109977590789.755,1234586157.03424,1,0.0112257974389929
1970,1790,Unicoi,470,1710,54,1710,UNICOI,Tennessee,G4701710,Southwest Territory,465,0000,,,,Southwest Territory,G4650000,483000096.311159,109977590789.755,483000096.311159,1,0.00439180466532054
1970,1790,Macon,470,1110,54,1110,MACON,Tennessee,G4701110,Southwest Territory,465,0000,,,,Southwest Territory,G4650000,795619423.952436,109977590789.755,795619423.952436,1,0.00723437764220012
1970,1790,Monroe,470,1230,54,1230,MONROE,Tennessee,G4701230,Southwest Territory,465,0000,,,,Southwest Territory,G4650000,1692392338.07271,109977590789.755,1692392338.07271,1,0.0153885198422656
1970,1790,Anderson,470,0010,54,10,ANDERSON,Tennessee,G4700010,Southwest Territory,465,0000,,,,Southwest Territory,G4650000,893076112.884191,109977590789.755,893076112.884191,1,0.00812052806822703
1970,1790,Gibson,470,0530,54,530,GIBSON,Tennessee,G4700530,Southwest Territory,465,0000,,,,Southwest Territory,G4650000,1563297552.5032,109977590789.755,1563297552.5032,1,0.0142146917501745
1970,1790,Houston,470,0830,54,830,HOUSTON,Tennessee,G4700830,Southwest Territory,465,0000,,,,Southwest Territory,G4650000,535927399.716062,109977590789.755,535927399.716062,1,0.0048730600103852
1970,1790,Cannon,470,0150,54,150,CANNON,Tennessee,G4700150,Southwest Territory,465,0000,,,,Southwest Territory,G4650000,688183380.278961,109977590789.755,688183380.278961,1,0.00625748732389098
1970,1790,Hardeman,470,0690,54,690,HARDEMAN,Tennessee,G4700690,Southwest Territory,465,0000,,,,Southwest Territory,G4650000,1736320116.78882,109977590789.755,1736320116.78882,1,0.0157879446559996
1970,1790,Perry,470,1350,54,1350,PERRY,Tennessee,G4701350,Southwest Territory,465,0000,,,,Southwest Territory,G4650000,1095305097.89183,109977590789.755,1095305097.89183,1,0.00995934799104422
1970,1790,White,470,1850,54,1850,WHITE,Tennessee,G4701850,Southwest Territory,465,0000,,,,Southwest Territory,G4650000,980574265.619625,109977590789.755,980574265.619625,1,0.00891612790003917
1970,1790,Polk,470,1390,54,1390,POLK,Tennessee,G4701390,Southwest Territory,465,0000,,,,Southwest Territory,G4650000,1145698110.12876,109977590789.755,1145698110.12876,1,0.0104175596310252
1970,1790,Meigs,470,1210,54,1210,MEIGS,Tennessee,G4701210,Southwest Territory,465,0000,,,,Southwest Territory,G4650000,561471451.525807,109977590789.755,561471451.525807,1,0.00510532598044612
1970,1790,Pickett,470,1370,54,1370,PICKETT,Tennessee,G4701370,Southwest Territory,465,0000,,,,Southwest Territory,G4650000,452156250.825272,109977590789.755,452156250.825272,1,0.0041113489355269
1970,1790,Giles,470,0550,54,550,GILES,Tennessee,G4700550,Southwest Territory,465,0000,,,,Southwest Territory,G4650000,1582945809.55044,109977590789.755,1582945809.55044,1,0.0143933486647891
1970,1790,Knox,470,0930,54,930,KNOX,Tennessee,G4700930,Southwest Territory,465,0000,,,,Southwest Territory,G4650000,1361786431.81229,109977590789.755,1361786431.81229,1,0.0123823991963565
1970,1790,Overton,470,1330,54,1330,OVERTON,Tennessee,G4701330,Southwest Territory,465,0000,,,,Southwest Territory,G4650000,1126176128.78661,109977590789.755,1126176128.78661,1,0.0102400509112764
1970,1790,Bradley,470,0110,54,110,BRADLEY,Tennessee,G4700110,Southwest Territory,465,0000,,,,Southwest Territory,G4650000,858496120.762657,109977590789.755,858496120.762657,1,0.00780610044826178
1970,1790,Franklin,470,0510,54,510,FRANKLIN,Tennessee,G4700510,Southwest Territory,465,0000,,,,Southwest Territory,G4650000,1491254963.18229,109977590789.755,1491254963.18229,1,0.0135596256698615
1970,1790,Lawrence,470,0990,54,990,LAWRENCE,Tennessee,G4700990,Southwest Territory,465,0000,,,,Southwest Territory,G4650000,1600399725.52475,109977590789.755,1600399725.52475,1,0.0145520529594456
1970,1790,Union,470,1730,54,1730,UNION,Tennessee,G4701730,Southwest Territory,465,0000,,,,Southwest Territory,G4650000,640067282.048436,109977590789.755,640067282.048436,1,0.00581997911985596
1970,1790,Decatur,470,0390,54,390,DECATUR,Tennessee,G4700390,Southwest Territory,465,0000,,,,Southwest Territory,G4650000,893319426.574582,109977590789.755,893319426.574582,1,0.00812274046157593
1970,1790,Fayette,470,0470,54,470,FAYETTE,Tennessee,G4700470,Southwest Territory,465,0000,,,,Southwest Territory,G4650000,1829136201.81693,109977590789.755,1829136201.81693,1,0.016631899177658
1970,1790,Clay,470,0270,54,270,CLAY,Tennessee,G4700270,Southwest Territory,465,0000,,,,Southwest Territory,G4650000,671463508.72574,109977590789.755,671463508.72574,1,0.00610545752006318
1970,1790,Washington,470,1790,54,1790,WASHINGTON,Tennessee,G4701790,Southwest Territory,465,0000,,,,Southwest Territory,G4650000,854186750.323552,109977590789.755,854186750.323552,1,0.00776691637077692
1970,1790,Lewis,470,1010,54,1010,LEWIS,Tennessee,G4701010,Southwest Territory,465,0000,,,,Southwest Territory,G4650000,731614598.01643,109977590789.755,731614598.01643,1,0.00665239702709131
1970,1790,Davidson,470,0370,54,370,DAVIDSON,Tennessee,G4700370,Southwest Territory,465,0000,,,,Southwest Territory,G4650000,1362608628.60903,109977590789.755,1362608628.60903,1,0.01238987523571
1970,1790,Van Buren,470,1750,54,1750,VAN BUREN,Tennessee,G4701750,Southwest Territory,465,0000,,,,Southwest Territory,G4650000,713232234.118446,109977590789.755,713232234.118446,1,0.00648525057692833
1970,1790,Lauderdale,470,0970,54,970,LAUDERDALE,Tennessee,G4700970,Southwest Territory,465,0000,,,,Southwest Territory,G4650000,1313484956.69575,109977590789.755,1313484956.69575,1,0.0119432054045151
1970,1790,Crockett,470,0330,54,330,CROCKETT,Tennessee,G4700330,Southwest Territory,465,0000,,,,Southwest Territory,G4650000,687583054.667317,109977590789.755,687583054.667317,1,0.0062520287063005
1970,1790,Wilson,470,1890,54,1890,WILSON,Tennessee,G4701890,Southwest Territory,465,0000,,,,Southwest Territory,G4650000,1510528606.26464,109977590789.755,1510528606.26464,1,0.0137348763090503
1970,1790,Marion,470,1150,54,1150,MARION,Tennessee,G4701150,Southwest Territory,465,0000,,,,Southwest Territory,G4650000,1326904653.61744,109977590789.755,1326904653.61744,1,0.012065227507612
1970,1790,Madison,470,1130,54,1130,MADISON,Tennessee,G4701130,Southwest Territory,465,0000,,,,Southwest Territory,G4650000,1446867149.80617,109977590789.755,1446867149.80617,1,0.0131560178706966
1970,1790,Hamblen,470,0630,54,630,HAMBLEN,Tennessee,G4700630,Southwest Territory,465,0000,,,,Southwest Territory,G4650000,455247533.702288,109977590789.755,455247533.702288,1,0.00413945723336119
1970,1790,Montgomery,470,1250,54,1250,MONTGOMERY,Tennessee,G4701250,Southwest Territory,465,0000,,,,Southwest Territory,G4650000,1408556440.63232,109977590789.755,1408556440.63232,1,0.0128076677304658
1970,1790,Hardin,470,0710,54,710,HARDIN,Tennessee,G4700710,Southwest Territory,465,0000,,,,Southwest Territory,G4650000,1544459865.57831,109977590789.755,1544459865.57831,1,0.0140434051563365
1970,1790,Jackson,470,0870,54,870,JACKSON,Tennessee,G4700870,Southwest Territory,465,0000,,,,Southwest Territory,G4650000,827647012.839138,109977590789.755,827647012.839138,1,0.00752559686837802
1970,1790,Dyer,470,0450,54,450,DYER,Tennessee,G4700450,Southwest Territory,465,0000,,,,Southwest Territory,G4650000,1363580913.1074,109977590789.755,1363580913.1074,1,0.0123987159867337
1970,1790,Carter,470,0190,54,190,CARTER,Tennessee,G4700190,Southwest Territory,465,0000,,,,Southwest Territory,G4650000,900328811.271386,109977590789.755,900328811.271386,1,0.00818647512466929
1970,1790,Scott,470,1510,54,1510,SCOTT,Tennessee,G4701510,Southwest Territory,465,0000,,,,Southwest Territory,G4650000,1381035222.11276,109977590789.755,1381035222.11276,1,0.0125574238551279
1970,1790,Watauga,370,1890,47,1890,WATAUGA,North Carolina,G3701890,Southwest Territory,465,0000,,,,Southwest Territory,G4650000,809965398.128635,109977590789.755,336657519.867784,0.415644323381723,0.00306114652494412
1970,1790,Fentress,470,0490,54,490,FENTRESS,Tennessee,G4700490,Southwest Territory,465,0000,,,,Southwest Territory,G4650000,1292342823.23526,109977590789.755,1292342823.23526,1,0.0117509650280105
1970,1790,Henderson,470,0770,54,770,HENDERSON,Tennessee,G4700770,Southwest Territory,465,0000,,,,Southwest Territory,G4650000,1362119586.89502,109977590789.755,1362119586.89502,1,0.012385428496056
1970,1790,Marshall,470,1170,54,1170,MARSHALL,Tennessee,G4701170,Southwest Territory,465,0000,,,,Southwest Territory,G4650000,974104175.601914,109977590789.755,974104175.601914,1,0.00885729691482438
1970,1790,Lake,470,0950,54,950,LAKE,Tennessee,G4700950,Southwest Territory,465,0000,,,,Southwest Territory,G4650000,501927802.642432,109977590789.755,501927802.642432,1,0.0045639097841484
1970,1790,Hamilton,470,0650,54,650,HAMILTON,Tennessee,G4700650,Southwest Territory,465,0000,,,,Southwest Territory,G4650000,1491292051.48731,109977590789.755,1491292051.48731,1,0.0135599629049724
1970,1790,Bedford,470,0030,54,30,BEDFORD,Tennessee,G4700030,Southwest Territory,465,0000,,,,Southwest Territory,G4650000,1229828396.99264,109977590789.755,1229828396.99264,1,0.0111825362618073
1970,1790,Rhea,470,1430,54,1430,RHEA,Tennessee,G4701430,Southwest Territory,465,0000,,,,Southwest Territory,G4650000,871177940.747033,109977590789.755,871177940.747033,1,0.00792141321237407
1970,1790,Sequatchie,470,1530,54,1530,SEQUATCHIE,Tennessee,G4701530,Southwest Territory,465,0000,,,,Southwest Territory,G4650000,689004439.846777,109977590789.755,689004439.846777,1,0.00626495302269307
1970,1790,Cocke,470,0290,54,290,COCKE,Tennessee,G4700290,Southwest Territory,465,0000,,,,Southwest Territory,G4650000,1147757439.49443,109977590789.755,1147757439.49443,1,0.0104362846217336
1970,1790,Maury,470,1190,54,1190,MAURY,Tennessee,G4701190,Southwest Territory,465,0000,,,,Southwest Territory,G4650000,1594215344.8567,109977590789.755,1594215344.8567,1,0.0144958198611968
1970,1790,Coffee,470,0310,54,310,COFFEE,Tennessee,G4700310,Southwest Territory,465,0000,,,,Southwest Territory,G4650000,1125263103.64737,109977590789.755,1125263103.64737,1,0.0102317489914699
1970,1790,Grundy,470,0610,54,610,GRUNDY,Tennessee,G4700610,Southwest Territory,465,0000,,,,Southwest Territory,G4650000,935346143.262137,109977590789.755,935346143.262137,1,0.00850487937174626
1970,1790,Bledsoe,470,0070,54,70,BLEDSOE,Tennessee,G4700070,Southwest Territory,465,0000,,,,Southwest Territory,G4650000,1053387745.1688,109977590789.755,1053387745.1688,1,0.00957820350131662
1970,1790,Hawkins,470,0730,54,730,HAWKINS,Tennessee,G4700730,Southwest Territory,465,0000,,,,Southwest Territory,G4650000,1294039886.47819,109977590789.755,1294039886.47819,1,0.0117663960192765
1970,1790,Dickson,470,0430,54,430,DICKSON,Tennessee,G4700430,Southwest Territory,465,0000,,,,Southwest Territory,G4650000,1272133587.52883,109977590789.755,1272133587.52883,1,0.0115672072682587
1970,1790,Weakley,470,1830,54,1830,WEAKLEY,Tennessee,G4701830,Southwest Territory,465,0000,,,,Southwest Territory,G4650000,1506896774.58301,109977590789.755,1506896774.58301,1,0.0137018529298733
1970,1790,Warren,470,1770,54,1770,WARREN,Tennessee,G4701770,Southwest Territory,465,0000,,,,Southwest Territory,G4650000,1124274665.6718,109977590789.755,1124274665.6718,1,0.0102227613607311
1970,1790,Carroll,470,0170,54,170,CARROLL,Tennessee,G4700170,Southwest Territory,465,0000,,,,Southwest Territory,G4650000,1553634694.61325,109977590789.755,1553634694.61325,1,0.0141268296882712
1970,1790,Wayne,470,1810,54,1810,WAYNE,Tennessee,G4701810,Southwest Territory,465,0000,,,,Southwest Territory,G4650000,1905195027.22479,109977590789.755,1905195027.22479,1,0.0173234839347133
1970,1790,Avery,370,0110,47,110,AVERY,North Carolina,G3700110,Southwest Territory,465,0000,,,,Southwest Territory,G4650000,640268410.025917,109977590789.755,281808723.741623,0.440141539593084,0.0025624195049004
1970,1790,Jefferson,470,0890,54,890,JEFFERSON,Tennessee,G4700890,Southwest Territory,465,0000,,,,Southwest Territory,G4650000,814110191.195099,109977590789.755,814110191.195099,1,0.00740250977811871
1970,1790,Hancock,470,0670,54,670,HANCOCK,Tennessee,G4700670,Southwest Territory,465,0000,,,,Southwest Territory,G4650000,578861980.740631,109977590789.755,578861980.740631,1,0.00526345391441832
1970,1790,Trousdale,470,1690,54,1690,TROUSDALE,Tennessee,G4701690,Southwest Territory,465,0000,,,,Southwest Territory,G4650000,302109073.427511,109977590789.755,302109073.427511,1,0.00274700574233396
1970,1790,Cheatham,470,0210,54,210,CHEATHAM,Tennessee,G4700210,Southwest Territory,465,0000,,,,Southwest Territory,G4650000,795770714.777671,109977590789.755,795770714.777671,1,0.00723575329358645
1970,1790,Loudon,470,1050,54,1050,LOUDON,Tennessee,G4701050,Southwest Territory,465,0000,,,,Southwest Territory,G4650000,637922310.330287,109977590789.755,637922310.330287,1,0.00580047540366482
1970,1790,Blount,470,0090,54,90,BLOUNT,Tennessee,G4700090,Southwest Territory,465,0000,,,,Southwest Territory,G4650000,1467618578.50861,109977590789.755,1467618578.50861,1,0.0133447056620314
1970,1790,Moore,470,1270,54,1270,MOORE,Tennessee,G4701270,Southwest Territory,465,0000,,,,Southwest Territory,G4650000,337695164.761426,109977590789.755,337695164.761426,1,0.00307058158245165
1970,1790,Greene,470,0590,54,590,GREENE,Tennessee,G4700590,Southwest Territory,465,0000,,,,Southwest Territory,G4650000,1616457463.01802,109977590789.755,1616457463.01802,1,0.0146980621362057
1970,1790,Sevier,470,1550,54,1550,SEVIER,Tennessee,G4701550,Southwest Territory,465,0000,,,,Southwest Territory,G4650000,1548150268.66674,109977590789.755,1548150268.66674,1,0.0140769611113446
1970,1790,Johnson,470,0910,54,910,JOHNSON,Tennessee,G4700910,Southwest Territory,465,0000,,,,Southwest Territory,G4650000,784071693.792395,109977590789.755,784071693.792395,1,0.00712937688634507
1970,1790,Sumner,470,1650,54,1650,SUMNER,Tennessee,G4701650,Southwest Territory,465,0000,,,,Southwest Territory,G4650000,1406669712.83412,109977590789.755,1406669712.83412,1,0.0127905121646396
1970,1790,Cumberland,470,0350,54,350,CUMBERLAND,Tennessee,G4700350,Southwest Territory,465,0000,,,,Southwest Territory,G4650000,1774023985.09957,109977590789.755,1774023985.09957,1,0.0161307769370124
1970,1790,Rutherford,470,1490,54,1490,RUTHERFORD,Tennessee,G4701490,Southwest Territory,465,0000,,,,Southwest Territory,G4650000,1616004921.82032,109977590789.755,1616004921.82032,1,0.0146939472870401
1970,1790,Tipton,470,1670,54,1670,TIPTON,Tennessee,G4701670,Southwest Territory,465,0000,,,,Southwest Territory,G4650000,1229531151.27675,109977590789.755,1229531150.36565,0.999999999258982,0.0111798334691306
1970,1790,McNairy,470,1090,54,1090,MCNAIRY,Tennessee,G4701090,Southwest Territory,465,0000,,,,Southwest Territory,G4650000,1464333197.8368,109977590789.755,1464333197.8368,1,0.0133148324792473
1970,1790,Morgan,470,1290,54,1290,MORGAN,Tennessee,G4701290,Southwest Territory,465,0000,,,,Southwest Territory,G4650000,1352997057.52729,109977590789.755,1352997057.52729,1,0.0123024795125202
1970,1790,Humphreys,470,0850,54,850,HUMPHREYS,Tennessee,G4700850,Southwest Territory,465,0000,,,,Southwest Territory,G4650000,1441908091.30124,109977590789.755,1441908091.30124,1,0.0131109263345998
1970,1790,Claiborne,470,0250,54,250,CLAIBORNE,Tennessee,G4700250,Southwest Territory,465,0000,,,,Southwest Territory,G4650000,1146355660.96908,109977590789.755,1146355660.96908,1,0.0104235385839701
1970,1790,Benton,470,0050,54,50,BENTON,Tennessee,G4700050,Southwest Territory,465,0000,,,,Southwest Territory,G4650000,1129770846.25722,109977590789.755,1129770846.25722,1,0.0102727368197855
1970,1790,Williamson,470,1870,54,1870,WILLIAMSON,Tennessee,G4701870,Southwest Territory,465,0000,,,,Southwest Territory,G4650000,1511583161.78621,109977590789.755,1511583161.78621,1,0.0137444651308639
1970,1790,Stewart,470,1610,54,1610,STEWART,Tennessee,G4701610,Southwest Territory,465,0000,,,,Southwest Territory,G4650000,1277380325.86032,109977590789.755,1277380325.86032,1,0.0116149146083978
1970,1790,Yancey,370,1990,47,1990,YANCEY,North Carolina,G3701990,Southwest Territory,465,0000,,,,Southwest Territory,G4650000,810950355.132232,109977590789.755,8496524.57661001,0.0104772437953056,7.72568712916516e-05
1970,1790,Putnam,470,1410,54,1410,PUTNAM,Tennessee,G4701410,Southwest Territory,465,0000,,,,Southwest Territory,G4650000,1042623638.64137,109977590789.755,1042623638.64137,1,0.00948032804823451
1970,1790,Henry,470,0790,54,790,HENRY,Tennessee,G4700790,Southwest Territory,465,0000,,,,Southwest Territory,G4650000,1537041972.37314,109977590789.755,1537041972.37314,1,0.0139759560228185
1970,1790,De Kalb,470,0410,54,410,DE KALB,Tennessee,G4700410,Southwest Territory,465,0000,,,,Southwest Territory,G4650000,852062742.97042,109977590789.755,852062742.97042,1,0.00774760327855623
1970,1790,Grainger,470,0570,54,570,GRAINGER,Tennessee,G4700570,Southwest Territory,465,0000,,,,Southwest Territory,G4650000,783326601.090071,109977590789.755,783326601.090071,1,0.00712260193613045
1970,1790,Campbell,470,0130,54,130,CAMPBELL,Tennessee,G4700130,Southwest Territory,465,0000,,,,Southwest Territory,G4650000,1287732794.38501,109977590789.755,1287732794.38501,1,0.0117090471353094
1970,1790,Mitchell,370,1210,47,1210,MITCHELL,North Carolina,G3701210,Southwest Territory,465,0000,,,,Southwest Territory,G4650000,575339529.250156,109977590789.755,199305248.14735,0.346413270798734,0.00181223508094812
1970,1790,Chester,470,0230,54,230,CHESTER,Tennessee,G4700230,Southwest Territory,465,0000,,,,Southwest Territory,G4650000,736078113.114384,109977590789.755,736078113.114384,1,0.00669298270519083
1970,1790,Lunenburg,510,1110,40,1110,LUNENBURG,Virginia,G5101110,Lunenburg,510,1110,40,1110,LUNENBURG,Virginia,G5101110,1119857463.21123,1119857463.21123,1119857463.21123,1,1
1970,1790,Culpeper,510,0470,40,470,CULPEPER,Virginia,G5100470,Culpeper,510,0470,40,470,CULPEPER,Virginia,G5100470,990086519.135223,2514598658.21441,990086519.135223,1,0.393735404216859
1970,1790,Rappahannock,510,1570,40,1570,RAPPAHANNOCK,Virginia,G5101570,Culpeper,510,0470,40,470,CULPEPER,Virginia,G5100470,691094302.804708,2514598658.21441,691094302.804708,1,0.274832844814864
1970,1790,Madison,510,1130,40,1130,MADISON,Virginia,G5101130,Culpeper,510,0470,40,470,CULPEPER,Virginia,G5100470,833417836.275059,2514598658.21441,833417836.275059,1,0.331431750968506
1970,1790,Moore,370,1250,47,1250,MOORE,North Carolina,G3701250,Moore,370,1250,47,1250,MOORE,North Carolina,G3701250,1827699950.31429,2220760581.02495,1739705958.08159,0.951855340250151,0.783382942288476
1970,1790,Lee,370,1050,47,1050,LEE,North Carolina,G3701050,Moore,370,1250,47,1250,MOORE,North Carolina,G3701250,671663554.955415,2220760581.02495,481054622.943357,0.716213674829043,0.216617057711523
1970,1790,Perry,210,1930,51,1930,PERRY,Kentucky,G2101930,Madison (old),510,1131,51,1510,MADISON,Virginia,G5101131,887432207.921241,5442232652.50736,73821534.6052639,0.0831855480861875,0.0135645679482763
1970,1790,Lee,210,1290,51,1290,LEE,Kentucky,G2101290,Madison (old),510,1131,51,1510,MADISON,Virginia,G5101131,547047970.934663,5442232652.50736,215315657.782912,0.393595569717649,0.0395638465922091
1970,1790,Jackson,210,1090,51,1090,JACKSON,Kentucky,G2101090,Madison (old),510,1131,51,1510,MADISON,Virginia,G5101131,897616833.701637,5442232652.50736,897616833.701637,1,0.164935402621585
1970,1790,Clay,210,0510,51,510,CLAY,Kentucky,G2100510,Madison (old),510,1131,51,1510,MADISON,Virginia,G5101131,1220097814.5952,5442232652.50736,1220097814.5952,1,0.224190675500261
1970,1790,Garrard,210,0790,51,790,GARRARD,Kentucky,G2100790,Madison (old),510,1131,51,1510,MADISON,Virginia,G5101131,605739199.975621,5442232652.50736,213738569.983636,0.352855766957527,0.0392740596793785
1970,1790,Estill,210,0650,51,650,ESTILL,Kentucky,G2100650,Madison (old),510,1131,51,1510,MADISON,Virginia,G5101131,662250549.053203,5442232652.50736,336986277.093952,0.508850128664642,0.0619205937362296
1970,1790,Leslie,210,1310,51,1310,LESLIE,Kentucky,G2101310,Madison (old),510,1131,51,1510,MADISON,Virginia,G5101131,1047298221.56637,5442232652.50736,481675723.355984,0.459922220277981,0.0885070069788482
1970,1790,Rockcastle,210,2030,51,2030,ROCKCASTLE,Kentucky,G2102030,Madison (old),510,1131,51,1510,MADISON,Virginia,G5101131,823779477.498034,5442232652.50736,212980221.985037,0.258540334886584,0.039134714662908
1970,1790,Breathitt,210,0250,51,250,BREATHITT,Kentucky,G2100250,Madison (old),510,1131,51,1510,MADISON,Virginia,G5101131,1282802021.98589,5442232652.50736,129302296.509935,0.100796766994305,0.0237590534558207
1970,1790,Owsley,210,1890,51,1890,OWSLEY,Kentucky,G2101890,Madison (old),510,1131,51,1510,MADISON,Virginia,G5101131,513053684.787152,5442232652.50736,513053684.787152,1,0.0942726482945884
1970,1790,Madison,210,1510,51,1510,MADISON,Kentucky,G2101510,Madison (old),510,1131,51,1510,MADISON,Virginia,G5101131,1147644031.43048,5442232652.50736,1147644031.43048,1,0.210877429303162
1970,1790,Tyrrell,370,1770,47,1770,TYRRELL,North Carolina,G3701770,Tyrrell,370,1770,47,1770,TYRRELL,North Carolina,G3701770,1013190111.9322,2565109044.55212,929640176.131282,0.917537750500165,0.362417409936505
1970,1790,Dare,370,0550,47,550,DARE,North Carolina,G3700550,Tyrrell,370,1770,47,1770,TYRRELL,North Carolina,G3701770,1001387389.98769,2565109044.55212,652347460.806134,0.651443654402471,0.254315683846507
1970,1790,Hyde,370,0950,47,950,HYDE,North Carolina,G3700950,Tyrrell,370,1770,47,1770,TYRRELL,North Carolina,G3701770,1782830606.51135,2565109044.55212,6086139.14612007,0.00341375065241304,0.00237266293183366
1970,1790,Washington,370,1870,47,1870,WASHINGTON,North Carolina,G3701870,Tyrrell,370,1770,47,1770,TYRRELL,North Carolina,G3701770,977035268.468649,2565109044.55212,977035268.468649,1,0.380894243285179
1970,1790,Franklin,420,0550,14,550,FRANKLIN,Pennsylvania,G4200550,Franklin,420,0550,14,550,FRANKLIN,Pennsylvania,G4200550,2001100387.03811,1957594148.75524,1957594148.75524,0.978258842702407,1
1970,1790,Frederick,240,0210,52,190,FREDERICK,Maryland,G2400210,Frederick,240,0210,52,190,FREDERICK,Maryland,G2400210,1728389451.79248,2345884808.61314,1728389451.79248,1,0.736775073288566
1970,1790,Carroll,240,0130,52,110,CARROLL,Maryland,G2400130,Frederick,240,0210,52,190,FREDERICK,Maryland,G2400210,1171700858.5808,2345884808.61314,617495356.903649,0.527007684923587,0.26322492674681
1970,1790,Bolivar,280,0110,46,110,BOLIVAR,Mississippi,G2800110,Indian Lands,130,1535,,,Indian Lands,Georgia,G1301535,2345929252.28287,258095168426.44,2345929252.28287,1,0.00908939623544906
1970,1790,Russell,010,1130,41,1130,RUSSELL,Alabama,G0101130,Indian Lands,130,1535,,,Indian Lands,Georgia,G1301535,1676717238.02883,258095168426.44,343605155.806245,0.204927311542518,0.00133131184865313
1970,1790,DeKalb,130,0890,44,890,DE KALB,Georgia,G1300890,Indian Lands,130,1535,,,Indian Lands,Georgia,G1301535,701657970.94157,258095168426.44,701657970.94157,1,0.00271860172826734
1970,1790,Tuscaloosa,010,1250,41,1250,TUSCALOOSA,Alabama,G0101250,Indian Lands,130,1535,,,Indian Lands,Georgia,G1301535,3499697967.08401,258095168426.44,3499697967.08401,1,0.0135597190308561
1970,1790,Twiggs,130,2890,44,2890,TWIGGS,Georgia,G1302890,Indian Lands,130,1535,,,Indian Lands,Georgia,G1301535,940277808.720341,258095168426.44,940277808.720341,1,0.00364314378472502
1970,1790,Elmore,010,0510,41,510,ELMORE,Alabama,G0100510,Indian Lands,130,1535,,,Indian Lands,Georgia,G1301535,1702196113.46509,258095168426.44,1702196113.46509,1,0.00659522657414735
1970,1790,Lanier,130,1730,44,1730,LANIER,Georgia,G1301730,Indian Lands,130,1535,,,Indian Lands,Georgia,G1301535,517566172.034234,258095168426.44,517566172.034234,1,0.00200533072815637
1970,1790,Randolph,130,2430,44,2430,RANDOLPH,Georgia,G1302430,Indian Lands,130,1535,,,Indian Lands,Georgia,G1301535,1116011745.89869,258095168426.44,1116011745.89869,1,0.00432403191699718
1970,1790,Haralson,130,1430,44,1430,HARALSON,Georgia,G1301430,Indian Lands,130,1535,,,Indian Lands,Georgia,G1301535,733397136.27784,258095168426.44,733397136.27784,1,0.00284157638730408
1970,1790,Warren,280,1490,46,1490,WARREN,Mississippi,G2801490,Indian Lands,130,1535,,,Indian Lands,Georgia,G1301535,1602618447.78532,258095168426.44,670032175.422358,0.418085899577835,0.00259606632509793
1970,1790,Scott,280,1230,46,1230,SCOTT,Mississippi,G2801230,Indian Lands,130,1535,,,Indian Lands,Georgia,G1301535,1580911154.15656,258095168426.44,840983157.114549,0.531961049742373,0.00325842270601915
1970,1790,Talbot,130,2630,44,2630,TALBOT,Georgia,G1302630,Indian Lands,130,1535,,,Indian Lands,Georgia,G1301535,1022380059.41087,258095168426.44,1022380059.41087,1,0.00396125222197743
1970,1790,Sumter,130,2610,44,2610,SUMTER,Georgia,G1302610,Indian Lands,130,1535,,,Indian Lands,Georgia,G1301535,1275700309.67048,258095168426.44,1275700309.67048,1,0.00494275161154004
1970,1790,Macon,130,1930,44,1930,MACON,Georgia,G1301930,Indian Lands,130,1535,,,Indian Lands,Georgia,G1301535,1051420421.42393,258095168426.44,1051420421.42393,1,0.00407377026014959
1970,1790,Bleckley,130,0230,44,230,BLECKLEY,Georgia,G1300230,Indian Lands,130,1535,,,Indian Lands,Georgia,G1301535,567569690.172661,258095168426.44,567569690.172661,1,0.00219907134888666
1970,1790,Lee,010,0810,41,810,LEE,Alabama,G0100810,Indian Lands,130,1535,,,Indian Lands,Georgia,G1301535,1594298714.23353,258095168426.44,1594298714.23353,1,0.00617717380745128
1970,1790,Crawford,130,0790,44,790,CRAWFORD,Georgia,G1300790,Indian Lands,130,1535,,,Indian Lands,Georgia,G1301535,845520194.331534,258095168426.44,845520194.331534,1,0.00327600163725079
1970,1790,Clinch,130,0650,44,650,CLINCH,Georgia,G1300650,Indian Lands,130,1535,,,Indian Lands,Georgia,G1301535,2134635290.44373,258095168426.44,2134635290.44373,1,0.0082707293726505
1970,1790,Atkinson,130,0030,44,30,ATKINSON,Georgia,G1300030,Indian Lands,130,1535,,,Indian Lands,Georgia,G1301535,891221762.327298,258095168426.44,891221762.327298,1,0.00345307418097332
1970,1790,Chattahoochee,130,0530,44,530,CHATTAHOOCHEE,Georgia,G1300530,Indian Lands,130,1535,,,Indian Lands,Georgia,G1301535,650529167.991305,258095168426.44,650529167.991305,1,0.00252050114675709
1970,1790,Lowndes,010,0850,41,850,LOWNDES,Alabama,G0100850,Indian Lands,130,1535,,,Indian Lands,Georgia,G1301535,1877857235.20384,258095168426.44,16117673.527116,0.00858301324773842,6.24485674233368e-05
1970,1790,Yazoo,280,1630,46,1630,YAZOO,Mississippi,G2801630,Indian Lands,130,1535,,,Indian Lands,Georgia,G1301535,2419389394.15336,258095168426.44,2419389394.15336,1,0.00937402047819783
1970,1790,Madison,010,0890,41,890,MADISON,Alabama,G0100890,Indian Lands,130,1535,,,Indian Lands,Georgia,G1301535,2105290711.2037,258095168426.44,2105290711.2037,1,0.00815703263272725
1970,1790,Shelby,010,1170,41,1170,SHELBY,Alabama,G0101170,Indian Lands,130,1535,,,Indian Lands,Georgia,G1301535,2096689743.96831,258095168426.44,2096689743.96831,1,0.00812370784293041
1970,1790,Rockdale,130,2470,44,2470,ROCKDALE,Georgia,G1302470,Indian Lands,130,1535,,,Indian Lands,Georgia,G1301535,342214190.758188,258095168426.44,342214190.758188,1,0.00132592249922619
1970,1790,Autauga,010,0010,41,10,AUTAUGA,Alabama,G0100010,Indian Lands,130,1535,,,Indian Lands,Georgia,G1301535,1565529772.76684,258095168426.44,1486078527.31777,0.949249610686965,0.00575787038702867
1970,1790,Fulton,130,1210,44,1210,FULTON,Georgia,G1301210,Indian Lands,130,1535,,,Indian Lands,Georgia,G1301535,1384659008.71678,258095168426.44,1384659008.71678,1,0.00536491642659875
1970,1790,Fannin,130,1110,44,1110,FANNIN,Georgia,G1301110,Indian Lands,130,1535,,,Indian Lands,Georgia,G1301535,1013806040.85699,258095168426.44,1013806040.85699,1,0.0039280318459194
1970,1790,Seminole,130,2530,44,2530,SEMINOLE,Georgia,G1302530,Indian Lands,130,1535,,,Indian Lands,Georgia,G1301535,664505970.043662,258095168426.44,664505970.043662,1,0.0025746548224635
1970,1790,Tishomingo,280,1410,46,1410,TISHOMINGO,Mississippi,G2801410,Indian Lands,130,1535,,,Indian Lands,Georgia,G1301535,1151356782.76661,258095168426.44,1151356782.76661,1,0.00446097766876547
1970,1790,Walker,130,2950,44,2950,WALKER,Georgia,G1302950,Indian Lands,130,1535,,,Indian Lands,Georgia,G1301535,1156805017.01254,258095168426.44,1156805017.01254,1,0.00448208706914344
1970,1790,Appling,130,0010,44,10,APPLING,Georgia,G1300010,Indian Lands,130,1535,,,Indian Lands,Georgia,G1301535,1326387104.61204,258095168426.44,1326387104.61204,1,0.00513913961543252
1970,1790,Thomas,130,2750,44,2750,THOMAS,Georgia,G1302750,Indian Lands,130,1535,,,Indian Lands,Georgia,G1301535,1429903627.85995,258095168426.44,1429903627.85995,1,0.00554021850380933
1970,1790,Cullman,010,0430,41,430,CULLMAN,Alabama,G0100430,Indian Lands,130,1535,,,Indian Lands,Georgia,G1301535,1954996982.88282,258095168426.44,1954996982.88282,1,0.00757471360197127
1970,1790,Dooly,130,0930,44,930,DOOLY,Georgia,G1300930,Indian Lands,130,1535,,,Indian Lands,Georgia,G1301535,1028413868.92522,258095168426.44,1028413868.92522,1,0.00398463045703366
1970,1790,Rankin,280,1210,46,1210,RANKIN,Mississippi,G2801210,Indian Lands,130,1535,,,Indian Lands,Georgia,G1301535,2087788597.58892,258095168426.44,414337611.58299,0.198457646555541,0.00160536756309362
1970,1790,Etowah,010,0550,41,550,ETOWAH,Alabama,G0100550,Indian Lands,130,1535,,,Indian Lands,Georgia,G1301535,1421280067.09575,258095168426.44,1421280067.09575,1,0.0055068061744861
1970,1790,Polk,130,2330,44,2330,POLK,Georgia,G1302330,Indian Lands,130,1535,,,Indian Lands,Georgia,G1301535,808433261.027576,258095168426.44,808433261.027576,1,0.00313230683842882
1970,1790,Brooks,130,0270,44,270,BROOKS,Georgia,G1300270,Indian Lands,130,1535,,,Indian Lands,Georgia,G1301535,1289235574.14431,258095168426.44,1289235574.14431,1,0.00499519453232911
1970,1790,Dekalb,010,0490,41,490,DE KALB,Alabama,G0100490,Indian Lands,130,1535,,,Indian Lands,Georgia,G1301535,2016714373.84803,258095168426.44,2016714373.84803,1,0.0078138400890787
1970,1790,Upson,130,2930,44,2930,UPSON,Georgia,G1302930,Indian Lands,130,1535,,,Indian Lands,Georgia,G1301535,847788489.771915,258095168426.44,847788489.771915,1,0.00328479023819288
1970,1790,Ware,130,2990,44,2990,WARE,Georgia,G1302990,Indian Lands,130,1535,,,Indian Lands,Georgia,G1301535,2347400376.70843,258095168426.44,2347400376.70843,1,0.00909509616557378
1970,1790,Echols,130,1010,44,1010,ECHOLS,Georgia,G1301010,Indian Lands,130,1535,,,Indian Lands,Georgia,G1301535,1089879996.85911,258095168426.44,1089879996.85911,1,0.00422278341552814
1970,1790,Lowndes,280,0870,46,870,LOWNDES,Mississippi,G2800870,Indian Lands,130,1535,,,Indian Lands,Georgia,G1301535,1337609768.95809,258095168426.44,1337609768.95809,1,0.00518262227500521
1970,1790,Colquitt,130,0710,44,710,COLQUITT,Georgia,G1300710,Indian Lands,130,1535,,,Indian Lands,Georgia,G1301535,1441478502.97893,258095168426.44,1441478502.97893,1,0.00558506581803667
1970,1790,Sharkey,280,1250,46,1250,SHARKEY,Mississippi,G2801250,Indian Lands,130,1535,,,Indian Lands,Georgia,G1301535,1126358426.8918,258095168426.44,1126358426.8918,1,0.00436412054421246
1970,1790,Morgan,010,1030,41,1030,MORGAN/COTACO,Alabama,G0101030,Indian Lands,130,1535,,,Indian Lands,Georgia,G1301535,1551567060.61556,258095168426.44,1551567060.61556,1,0.00601160831516214
1970,1790,Holmes,280,0510,46,510,HOLMES,Mississippi,G2800510,Indian Lands,130,1535,,,Indian Lands,Georgia,G1301535,1979241542.32727,258095168426.44,1979241542.32727,1,0.00766865011226036
1970,1790,Jefferson,010,0730,41,730,JEFFERSON,Alabama,G0100730,Indian Lands,130,1535,,,Indian Lands,Georgia,G1301535,2910681662.57687,258095168426.44,2910681662.57687,1,0.0112775519213427
1970,1790,Madison,280,0890,46,890,MADISON,Mississippi,G2800890,Indian Lands,130,1535,,,Indian Lands,Georgia,G1301535,1921709498.01849,258095168426.44,1921709498.01849,1,0.00744573991731349
1970,1790,Marion,130,1970,44,1970,MARION,Georgia,G1301970,Indian Lands,130,1535,,,Indian Lands,Georgia,G1301535,951816593.731745,258095168426.44,951816593.731745,1,0.00368785126639449
1970,1790,Baker,130,0070,44,70,BAKER,Georgia,G1300070,Indian Lands,130,1535,,,Indian Lands,Georgia,G1301535,906744885.217265,258095168426.44,906744885.217265,1,0.0035132191382951
1970,1790,Dodge,130,0910,44,910,DODGE,Georgia,G1300910,Indian Lands,130,1535,,,Indian Lands,Georgia,G1301535,1303219836.05285,258095168426.44,1303219836.05285,1,0.00504937711154513
1970,1790,Prentiss,280,1170,46,1170,PRENTISS,Mississippi,G2801170,Indian Lands,130,1535,,,Indian Lands,Georgia,G1301535,1083252538.96122,258095168426.44,1083252538.96122,1,0.00419710506618785
1970,1790,Pickens,010,1070,41,1070,PICKENS,Alabama,G0101070,Indian Lands,130,1535,,,Indian Lands,Georgia,G1301535,2305249596.08979,258095168426.44,2305249596.08979,1,0.00893178128883423
1970,1790,Whitfield,130,3130,44,3130,WHITFIELD,Georgia,G1303130,Indian Lands,130,1535,,,Indian Lands,Georgia,G1301535,752787465.708041,258095168426.44,752787465.708041,1,0.00291670499024702
1970,1790,Calhoun,010,0150,41,150,CALHOUN/BENTON,Alabama,G0100150,Indian Lands,130,1535,,,Indian Lands,Georgia,G1301535,1585923967.28198,258095168426.44,1585923967.28198,1,0.00614472551714579
1970,1790,Winston,280,1590,46,1590,WINSTON,Mississippi,G2801590,Indian Lands,130,1535,,,Indian Lands,Georgia,G1301535,1580185941.86253,258095168426.44,1580185941.86253,1,0.00612249330933487
1970,1790,Dawson,130,0850,44,850,DAWSON,Georgia,G1300850,Indian Lands,130,1535,,,Indian Lands,Georgia,G1301535,554092205.800106,258095168426.44,554092205.800106,1,0.00214685229939912
1970,1790,Yalobusha,280,1610,46,1610,YALOBUSHA,Mississippi,G2801610,Indian Lands,130,1535,,,Indian Lands,Georgia,G1301535,1282056760.99057,258095168426.44,1282056760.99057,1,0.0049673799351109
1970,1790,Itawamba,280,0570,46,570,ITAWAMBA,Mississippi,G2800570,Indian Lands,130,1535,,,Indian Lands,Georgia,G1301535,1399689707.96323,258095168426.44,1399689707.96323,1,0.00542315346891958
1970,1790,Chilton,010,0210,41,210,CHILTON/BAKER,Alabama,G0100210,Indian Lands,130,1535,,,Indian Lands,Georgia,G1301535,1814971185.03071,258095168426.44,1814971185.03071,1,0.00703217807639044
1970,1790,Alcorn,280,0030,46,30,ALCORN,Mississippi,G2800030,Indian Lands,130,1535,,,Indian Lands,Georgia,G1301535,1039512589.08315,258095168426.44,1039512589.08315,1,0.00402763288991758
1970,1790,Sumter,010,1190,41,1190,SUMTER,Alabama,G0101190,Indian Lands,130,1535,,,Indian Lands,Georgia,G1301535,2365464600.90269,258095168426.44,2026997989.90794,0.856913263100372,0.00785368436870084
1970,1790,Macon,010,0870,41,870,MACON,Alabama,G0100870,Indian Lands,130,1535,,,Indian Lands,Georgia,G1301535,1588321606.6057,258095168426.44,768207934.066233,0.483660192539924,0.00297645220850069
1970,1790,Marshall,010,0950,41,950,MARSHALL,Alabama,G0100950,Indian Lands,130,1535,,,Indian Lands,Georgia,G1301535,1614161926.25967,258095168426.44,1614161926.25967,1,0.00625413461282879
1970,1790,Coosa,010,0370,41,370,COOSA,Alabama,G0100370,Indian Lands,130,1535,,,Indian Lands,Georgia,G1301535,1725878253.31984,258095168426.44,1725878253.31984,1,0.00668698396735675
1970,1790,Dade,130,0830,44,830,DADE,Georgia,G1300830,Indian Lands,130,1535,,,Indian Lands,Georgia,G1301535,451074325.801392,258095168426.44,451074325.801392,1,0.00174770542413294
1970,1790,Lowndes,130,1850,44,1850,LOWNDES,Georgia,G1301850,Indian Lands,130,1535,,,Indian Lands,Georgia,G1301535,1322551516.49525,258095168426.44,1322551516.49525,1,0.00512427847665114
1970,1790,Sunflower,280,1330,46,1330,SUNFLOWER,Mississippi,G2801330,Indian Lands,130,1535,,,Indian Lands,Georgia,G1301535,1831701695.87629,258095168426.44,1831701695.87629,1,0.00709700110638975
1970,1790,Lamar,130,1710,44,1710,LAMAR,Georgia,G1301710,Indian Lands,130,1535,,,Indian Lands,Georgia,G1301535,481205021.646936,258095168426.44,481205021.646936,1,0.00186444800412482
1970,1790,Pontotoc,280,1150,46,1150,PONTOTOC,Mississippi,G2801150,Indian Lands,130,1535,,,Indian Lands,Georgia,G1301535,1297584840.09033,258095168426.44,1297584840.09033,1,0.00502754409546478
1970,1790,Monroe,130,2070,44,2070,MONROE,Georgia,G1302070,Indian Lands,130,1535,,,Indian Lands,Georgia,G1301535,1030300495.47802,258095168426.44,1030300495.47802,1,0.0039919402666837
1970,1790,Baldwin,130,0090,44,90,BALDWIN,Georgia,G1300090,Indian Lands,130,1535,,,Indian Lands,Georgia,G1301535,692823256.847062,258095168426.44,467725756.117484,0.675101119217672,0.00181222205347401
1970,1790,Laurens,130,1750,44,1750,LAURENS,Georgia,G1301750,Indian Lands,130,1535,,,Indian Lands,Georgia,G1301535,2119951027.64234,258095168426.44,1508517837.95135,0.711581455553254,0.0058448123889669
1970,1790,Marengo,010,0910,41,910,MARENGO,Alabama,G0100910,Indian Lands,130,1535,,,Indian Lands,Georgia,G1301535,2545604373.06682,258095168426.44,620437647.881747,0.243729015571368,0.00240391035471313
1970,1790,Lee,280,0810,46,810,LEE,Mississippi,G2800810,Indian Lands,130,1535,,,Indian Lands,Georgia,G1301535,1173647710.30974,258095168426.44,1173647710.30974,1,0.0045473447545154
1970,1790,Walton,130,2970,44,2970,WALTON,Georgia,G1302970,Indian Lands,130,1535,,,Indian Lands,Georgia,G1301535,854842485.292102,258095168426.44,854842485.292102,1,0.00331212122452321
1970,1790,Putnam,130,2370,44,2370,PUTNAM,Georgia,G1302370,Indian Lands,130,1535,,,Indian Lands,Georgia,G1301535,934043165.96691,258095168426.44,934043165.96691,1,0.00361898741329257
1970,1790,Terrell,130,2730,44,2730,TERRELL,Georgia,G1302730,Indian Lands,130,1535,,,Indian Lands,Georgia,G1301535,874466712.041243,258095168426.44,874466712.041243,1,0.00338815607193544
1970,1790,Brantley,130,0250,44,250,BRANTLEY,Georgia,G1300250,Indian Lands,130,1535,,,Indian Lands,Georgia,G1301535,1158821828.32886,258095168426.44,869188974.508437,0.750062652652909,0.00336770726785677
1970,1790,Benton,280,0090,46,90,BENTON,Mississippi,G2800090,Indian Lands,130,1535,,,Indian Lands,Georgia,G1301535,1058402201.00374,258095168426.44,1058402201.00374,1,0.00410082144294536
1970,1790,Chattooga,130,0550,44,550,CHATTOOGA,Georgia,G1300550,Indian Lands,130,1535,,,Indian Lands,Georgia,G1301535,813114706.415187,258095168426.44,813114706.415187,1,0.00315044528486373
1970,1790,Cherokee,010,0190,41,190,CHEROKEE,Alabama,G0100190,Indian Lands,130,1535,,,Indian Lands,Georgia,G1301535,1553882838.62412,258095168426.44,1553882838.62412,1,0.00602058088920405
1970,1790,Clay,280,0250,46,250,CLAY,Mississippi,G2800250,Indian Lands,130,1535,,,Indian Lands,Georgia,G1301535,1077500239.55993,258095168426.44,1077500239.55993,1,0.00417481755326631
1970,1790,Bartow,130,0150,44,150,BARTOW/CASS,Georgia,G1300150,Indian Lands,130,1535,,,Indian Lands,Georgia,G1301535,1217600079.04926,258095168426.44,1217600079.04926,1,0.00471763995611677
1970,1790,Oktibbeha,280,1050,46,1050,OKTIBBEHA,Mississippi,G2801050,Indian Lands,130,1535,,,Indian Lands,Georgia,G1301535,1196337154.39381,258095168426.44,1196337154.39381,1,0.0046352559084607
1970,1790,Jasper,130,1590,44,1590,JASPER,Georgia,G1301590,Indian Lands,130,1535,,,Indian Lands,Georgia,G1301535,967583174.059539,258095168426.44,967583174.059539,1,0.00374893950924661
1970,1790,Dougherty,130,0950,44,950,DOUGHERTY,Georgia,G1300950,Indian Lands,130,1535,,,Indian Lands,Georgia,G1301535,866724753.998502,258095168426.44,866724753.998502,1,0.00335815954743658
1970,1790,Winston,010,1330,41,1330,WINSTON/HANCOCK,Alabama,G0101330,Indian Lands,130,1535,,,Indian Lands,Georgia,G1301535,1636510933.63995,258095168426.44,1636510933.63995,1,0.00634072673121882
1970,1790,De Soto,280,0330,46,330,DE SOTO,Mississippi,G2800330,Indian Lands,130,1535,,,Indian Lands,Georgia,G1301535,1286639391.91167,258095168426.44,1286639391.91167,1,0.00498513552096337
1970,1790,Tallahatchie,280,1350,46,1350,TALLAHATCHIE,Mississippi,G2801350,Indian Lands,130,1535,,,Indian Lands,Georgia,G1301535,1688898331.8861,258095168426.44,1688898331.8861,1,0.00654370379028408
1970,1790,Wheeler,130,3090,44,3090,WHEELER,Georgia,G1303090,Indian Lands,130,1535,,,Indian Lands,Georgia,G1301535,777367380.485689,258095168426.44,777367380.485689,1,0.00301194084811878
1970,1790,Gwinnett,130,1350,44,1350,GWINNETT,Georgia,G1301350,Indian Lands,130,1535,,,Indian Lands,Georgia,G1301535,1131109337.37968,258095168426.44,1069874238.03321,0.945862793876027,0.00414527030690283
1970,1790,Wilkinson,130,3190,44,3190,WILKINSON,Georgia,G1303190,Indian Lands,130,1535,,,Indian Lands,Georgia,G1301535,1170702936.83406,258095168426.44,1170702936.83406,1,0.00453593511250764
1970,1790,Schley,130,2490,44,2490,SCHLEY,Georgia,G1302490,Indian Lands,130,1535,,,Indian Lands,Georgia,G1301535,434652658.259394,258095168426.44,434652658.259394,1,0.00168407901980263
1970,1790,Henry,130,1510,44,1510,HENRY,Georgia,G1301510,Indian Lands,130,1535,,,Indian Lands,Georgia,G1301535,840403668.369523,258095168426.44,840403668.369523,1,0.00325617745381796
1970,1790,Charlton,130,0490,44,490,CHARLTON,Georgia,G1300490,Indian Lands,130,1535,,,Indian Lands,Georgia,G1301535,2027849792.1828,258095168426.44,1711621234.81665,0.844057208484974,0.00663174458186141
1970,1790,Walker,010,1270,41,1270,WALKER,Alabama,G0101270,Indian Lands,130,1535,,,Indian Lands,Georgia,G1301535,2085727475.86852,258095168426.44,2085727475.86852,1,0.00808123409897531
1970,1790,Stephens,130,2570,44,2570,STEPHENS,Georgia,G1302570,Indian Lands,130,1535,,,Indian Lands,Georgia,G1301535,477156641.96531,258095168426.44,112130691.283139,0.234997653645344,0.00043445482519793
1970,1790,Towns,130,2810,44,2810,TOWNS,Georgia,G1302810,Indian Lands,130,1535,,,Indian Lands,Georgia,G1301535,445505342.43894,258095168426.44,445505342.43894,1,0.00172612817649826
1970,1790,Chickasaw,280,0170,46,170,CHICKASAW,Mississippi,G2800170,Indian Lands,130,1535,,,Indian Lands,Georgia,G1301535,1306055447.59152,258095168426.44,1306055447.59152,1,0.00506036380128425
1970,1790,Pickens,130,2270,44,2270,PICKENS,Georgia,G1302270,Indian Lands,130,1535,,,Indian Lands,Georgia,G1301535,602899015.387292,258095168426.44,602899015.387292,1,0.00233595622522909
1970,1790,Tift,130,2770,44,2770,TIFT,Georgia,G1302770,Indian Lands,130,1535,,,Indian Lands,Georgia,G1301535,696358034.893853,258095168426.44,696358034.893853,1,0.00269806691515933
1970,1790,Franklin,010,0590,41,590,FRANKLIN,Alabama,G0100590,Indian Lands,130,1535,,,Indian Lands,Georgia,G1301535,1674467067.83632,258095168426.44,1674467067.83632,1,0.00648778928348505
1970,1790,Clayton,130,0630,44,630,CLAYTON,Georgia,G1300630,Indian Lands,130,1535,,,Indian Lands,Georgia,G1301535,373686234.639709,258095168426.44,373686234.639709,1,0.0014478621855574
1970,1790,Jones,130,1690,44,1690,JONES,Georgia,G1301690,Indian Lands,130,1535,,,Indian Lands,Georgia,G1301535,1024064245.83356,258095168426.44,1024064245.83356,1,0.00396777766928803
1970,1790,Hall,130,1390,44,1390,HALL,Georgia,G1301390,Indian Lands,130,1535,,,Indian Lands,Georgia,G1301535,1111609280.27229,258095168426.44,1111609280.27229,1,0.00430697438874805
1970,1790,Morgan,130,2110,44,2110,MORGAN,Georgia,G1302110,Indian Lands,130,1535,,,Indian Lands,Georgia,G1301535,918415496.985273,258095168426.44,918415496.985273,1,0.00355843738797858
1970,1790,Attala,280,0070,46,70,ATTALA,Mississippi,G2800070,Indian Lands,130,1535,,,Indian Lands,Georgia,G1301535,1909100911.42796,258095168426.44,1909100911.42796,1,0.00739688744685693
1970,1790,Greene,010,0630,41,630,GREENE,Alabama,G0100630,Indian Lands,130,1535,,,Indian Lands,Georgia,G1301535,1709245829.11833,258095168426.44,1709245829.11833,1,0.00662254097796288
1970,1790,Tunica,280,1430,46,1430,TUNICA,Mississippi,G2801430,Indian Lands,130,1535,,,Indian Lands,Georgia,G1301535,1245225373.48784,258095168426.44,1245225373.48784,1,0.00482467525866432
1970,1790,Turner,130,2870,44,2870,TURNER,Georgia,G1302870,Indian Lands,130,1535,,,Indian Lands,Georgia,G1301535,750725591.189681,258095168426.44,750725591.189681,1,0.00290871617538105
1970,1790,Choctaw,280,0190,46,190,CHOCTAW,Mississippi,G2800190,Indian Lands,130,1535,,,Indian Lands,Georgia,G1301535,1087319852.38599,258095168426.44,1087319852.38599,1,0.00421286403389565
1970,1790,Newton,130,2170,44,2170,NEWTON,Georgia,G1302170,Indian Lands,130,1535,,,Indian Lands,Georgia,G1301535,723109869.495023,258095168426.44,723109869.495023,1,0.00280171796281075
1970,1790,Mitchell,130,2050,44,2050,MITCHELL,Georgia,G1302050,Indian Lands,130,1535,,,Indian Lands,Georgia,G1301535,1330778668.4909,258095168426.44,1330778668.4909,1,0.005156154904427
1970,1790,Lumpkin,130,1870,44,1870,LUMPKIN,Georgia,G1301870,Indian Lands,130,1535,,,Indian Lands,Georgia,G1301535,737805559.620922,258095168426.44,737805559.620922,1,0.00285865699896357
1970,1790,Peach,130,2250,44,2250,PEACH,Georgia,G1302250,Indian Lands,130,1535,,,Indian Lands,Georgia,G1301535,392277225.624111,258095168426.44,392277225.624111,1,0.0015198937198854
1970,1790,Coweta,130,0770,44,770,COWETA,Georgia,G1300770,Indian Lands,130,1535,,,Indian Lands,Georgia,G1301535,1155091636.7724,258095168426.44,1155091636.7724,1,0.00447544850922546
1970,1790,Spalding,130,2550,44,2550,SPALDING,Georgia,G1302550,Indian Lands,130,1535,,,Indian Lands,Georgia,G1301535,516966157.290474,258095168426.44,516966157.290474,1,0.00200300594715633
1970,1790,Clay,130,0610,44,610,CLAY,Georgia,G1300610,Indian Lands,130,1535,,,Indian Lands,Georgia,G1301535,562027572.835161,258095168426.44,562027572.835161,1,0.00217759819473469
1970,1790,Coffee,130,0690,44,690,COFFEE,Georgia,G1300690,Indian Lands,130,1535,,,Indian Lands,Georgia,G1301535,1560787475.38147,258095168426.44,1560787475.38147,1,0.00604733317906459
1970,1790,Leflore,280,0830,46,830,LEFLORE,Mississippi,G2800830,Indian Lands,130,1535,,,Indian Lands,Georgia,G1301535,1570462335.06764,258095168426.44,1570462335.06764,1,0.00608481880789351
1970,1790,Decatur,130,0870,44,870,DECATUR,Georgia,G1300870,Indian Lands,130,1535,,,Indian Lands,Georgia,G1301535,1614009076.88918,258095168426.44,1614009076.88918,1,0.00625354239186074
1970,1790,Pike,130,2310,44,2310,PIKE,Georgia,G1302310,Indian Lands,130,1535,,,Indian Lands,Georgia,G1301535,569124150.299657,258095168426.44,569124150.299657,1,0.00220509416650264
1970,1790,Banks,130,0110,44,110,BANKS,Georgia,G1300110,Indian Lands,130,1535,,,Indian Lands,Georgia,G1301535,605727504.755425,258095168426.44,230195262.252805,0.380031054303454,0.000891900703357852
1970,1790,Worth,130,3210,44,3210,WORTH,Georgia,G1303210,Indian Lands,130,1535,,,Indian Lands,Georgia,G1301535,1488183816.36543,258095168426.44,1488183816.36543,1,0.00576602741321591
1970,1790,Irwin,130,1550,44,1550,IRWIN,Georgia,G1301550,Indian Lands,130,1535,,,Indian Lands,Georgia,G1301535,939472722.408759,258095168426.44,939472722.408759,1,0.0036400244457754
1970,1790,Washington,280,1510,46,1510,WASHINGTON,Mississippi,G2801510,Indian Lands,130,1535,,,Indian Lands,Georgia,G1301535,1971667612.85668,258095168426.44,1971667612.85668,1,0.00763930462115037
1970,1790,Taylor,130,2690,44,2690,TAYLOR,Georgia,G1302690,Indian Lands,130,1535,,,Indian Lands,Georgia,G1301535,983197922.668881,258095168426.44,983197922.668881,1,0.00380943947406402
1970,1790,Fayette,010,0570,41,570,FAYETTE,Alabama,G0100570,Indian Lands,130,1535,,,Indian Lands,Georgia,G1301535,1630006249.85749,258095168426.44,1630006249.85749,1,0.0063155240750741
1970,1790,Coahoma,280,0270,46,270,COAHOMA,Mississippi,G2800270,Indian Lands,130,1535,,,Indian Lands,Georgia,G1301535,1510341147.10333,258095168426.44,1510341147.10333,1,0.00585187687282802
1970,1790,Floyd,130,1150,44,1150,FLOYD,Georgia,G1301150,Indian Lands,130,1535,,,Indian Lands,Georgia,G1301535,1342825233.65132,258095168426.44,1342825233.65132,1,0.00520282980048905
1970,1790,Cook,130,0750,44,750,COOK,Georgia,G1300750,Indian Lands,130,1535,,,Indian Lands,Georgia,G1301535,604052141.330456,258095168426.44,604052141.330456,1,0.00234042405758021
1970,1790,Chambers,010,0170,41,170,CHAMBERS,Alabama,G0100170,Indian Lands,130,1535,,,Indian Lands,Georgia,G1301535,1562061547.49051,258095168426.44,1562061547.49051,1,0.006052269622148
1970,1790,Lamar,010,0750,41,750,LAMAR/SANFORD,Alabama,G0100750,Indian Lands,130,1535,,,Indian Lands,Georgia,G1301535,1568162558.45202,258095168426.44,1568162558.45202,1,0.00607590823188525
1970,1790,Panola,280,1070,46,1070,PANOLA,Mississippi,G2801070,Indian Lands,130,1535,,,Indian Lands,Georgia,G1301535,1826305767.45386,258095168426.44,1826305767.45386,1,0.00707609436700627
1970,1790,Marshall,280,0930,46,930,MARSHALL,Mississippi,G2800930,Indian Lands,130,1535,,,Indian Lands,Georgia,G1301535,1838389249.43369,258095168426.44,1838389249.43369,1,0.00712291229875406
1970,1790,Union,130,2910,44,2910,UNION,Georgia,G1302910,Indian Lands,130,1535,,,Indian Lands,Georgia,G1301535,852175323.608512,258095168426.44,852175323.608512,1,0.00330178720045041
1970,1790,Gilmer,130,1230,44,1230,GILMER,Georgia,G1301230,Indian Lands,130,1535,,,Indian Lands,Georgia,G1301535,1118433763.4846,258095168426.44,1118433763.4846,1,0.00433341612050891
1970,1790,Cleburne,010,0290,41,290,CLEBURNE,Alabama,G0100290,Indian Lands,130,1535,,,Indian Lands,Georgia,G1301535,1453048943.35365,258095168426.44,1453048943.35365,1,0.00562989594967095
1970,1790,White,130,3110,44,3110,WHITE,Georgia,G1303110,Indian Lands,130,1535,,,Indian Lands,Georgia,G1301535,627200265.084438,258095168426.44,627200265.084438,1,0.00243011238415801
1970,1790,Blount,010,0090,41,90,BLOUNT,Alabama,G0100090,Indian Lands,130,1535,,,Indian Lands,Georgia,G1301535,1685071135.64747,258095168426.44,1685071135.64747,1,0.00652887516616855
1970,1790,Forsyth,130,1170,44,1170,FORSYTH,Georgia,G1301170,Indian Lands,130,1535,,,Indian Lands,Georgia,G1301535,640691940.74636,258095168426.44,640691940.74636,1,0.00248238641836089
1970,1790,Wilcox,130,3150,44,3150,WILCOX,Georgia,G1303150,Indian Lands,130,1535,,,Indian Lands,Georgia,G1301535,992745650.010868,258095168426.44,992745650.010868,1,0.00384643252356664
1970,1790,Randolph,010,1110,41,1110,RANDOLPH,Alabama,G0101110,Indian Lands,130,1535,,,Indian Lands,Georgia,G1301535,1512851496.10067,258095168426.44,1512851496.10067,1,0.00586160331990814
1970,1790,Stewart,130,2590,44,2590,STEWART,Georgia,G1302590,Indian Lands,130,1535,,,Indian Lands,Georgia,G1301535,1199781649.77142,258095168426.44,1199781649.77142,1,0.00464860174286206
1970,1790,Telfair,130,2710,44,2710,TELFAIR,Georgia,G1302710,Indian Lands,130,1535,,,Indian Lands,Georgia,G1301535,1150193436.84459,258095168426.44,1150193436.84459,1,0.00445647023869962
1970,1790,Bacon,130,0050,44,50,BACON,Georgia,G1300050,Indian Lands,130,1535,,,Indian Lands,Georgia,G1301535,740535149.927437,258095168426.44,740535149.927437,1,0.00286923290522
1970,1790,Lauderdale,010,0770,41,770,LAUDERDALE,Alabama,G0100770,Indian Lands,130,1535,,,Indian Lands,Georgia,G1301535,1861660236.24933,258095168426.44,1861660236.24933,1,0.00721307666315312
1970,1790,Miller,130,2010,44,2010,MILLER,Georgia,G1302010,Indian Lands,130,1535,,,Indian Lands,Georgia,G1301535,734846537.473979,258095168426.44,734846537.473979,1,0.00284719214991202
1970,1790,Carroll,130,0450,44,450,CARROLL,Georgia,G1300450,Indian Lands,130,1535,,,Indian Lands,Georgia,G1301535,1304921111.98918,258095168426.44,1304921111.98918,1,0.00505596877285637
1970,1790,Wayne,130,3050,44,3050,WAYNE,Georgia,G1303050,Indian Lands,130,1535,,,Indian Lands,Georgia,G1301535,1680395996.07184,258095168426.44,1286036993.56201,0.765317815900717,0.00498280150458743
1970,1790,Jackson,010,0710,41,710,JACKSON,Alabama,G0100710,Indian Lands,130,1535,,,Indian Lands,Georgia,G1301535,2918161775.87917,258095168426.44,2918161775.87917,1,0.0113065339179756
1970,1790,Heard,130,1490,44,1490,HEARD,Georgia,G1301490,Indian Lands,130,1535,,,Indian Lands,Georgia,G1301535,779814743.603539,258095168426.44,779814743.603539,1,0.00302142325390254
1970,1790,Quitman,280,1190,46,1190,QUITMAN,Mississippi,G2801190,Indian Lands,130,1535,,,Indian Lands,Georgia,G1301535,1052827145.84636,258095168426.44,1052827145.84636,1,0.00407922066989962
1970,1790,Montgomery,010,1010,41,1010,MONTGOMERY,Alabama,G0101010,Indian Lands,130,1535,,,Indian Lands,Georgia,G1301535,2071394565.39216,258095168426.44,239744498.232833,0.115740623364745,0.000928899598138594
1970,1790,Perry,010,1050,41,1050,PERRY,Alabama,G0101050,Indian Lands,130,1535,,,Indian Lands,Georgia,G1301535,1875372847.64515,258095168426.44,1798538655.39501,0.959029911120546,0.0069685095864459
1970,1790,Bibb,130,0210,44,210,BIBB,Georgia,G1300210,Indian Lands,130,1535,,,Indian Lands,Georgia,G1301535,660558243.010119,258095168426.44,660558243.010119,1,0.00255935919698701
1970,1790,Cobb,130,0670,44,670,COBB,Georgia,G1300670,Indian Lands,130,1535,,,Indian Lands,Georgia,G1301535,892288744.428794,258095168426.44,892288744.428794,1,0.00345720824558212
1970,1790,Kemper,280,0690,46,690,KEMPER,Mississippi,G2800690,Indian Lands,130,1535,,,Indian Lands,Georgia,G1301535,1986550090.53347,258095168426.44,1986550090.53347,1,0.00769696737310162
1970,1790,Limestone,010,0830,41,830,LIMESTONE,Alabama,G0100830,Indian Lands,130,1535,,,Indian Lands,Georgia,G1301535,1572343106.81237,258095168426.44,1572343106.81237,1,0.00609210593285674
1970,1790,Muscogee,130,2150,44,2150,MUSCOGEE,Georgia,G1302150,Indian Lands,130,1535,,,Indian Lands,Georgia,G1301535,572388181.902355,258095168426.44,572388181.902355,1,0.00221774078682721
1970,1790,Grenada,280,0430,46,430,GRENADA,Mississippi,G2800430,Indian Lands,130,1535,,,Indian Lands,Georgia,G1301535,1163896730.8345,258095168426.44,1163896730.8345,1,0.00450956419653483
1970,1790,Jeff Davis,130,1610,44,1610,JEFF DAVIS,Georgia,G1301610,Indian Lands,130,1535,,,Indian Lands,Georgia,G1301535,868756089.383324,258095168426.44,868756089.383324,1,0.00336603003721447
1970,1790,Clay,010,0270,41,270,CLAY,Alabama,G0100270,Indian Lands,130,1535,,,Indian Lands,Georgia,G1301535,1569554966.06304,258095168426.44,1569554966.06304,1,0.00608130317057984
1970,1790,Colbert (new),010,0330,41,330,COLBERT,Alabama,G0100330,Indian Lands,130,1535,,,Indian Lands,Georgia,G1301535,1615154455.12062,258095168426.44,1615154455.12062,1,0.00625798020539452
1970,1790,Calhoun,280,0130,46,130,CALHOUN,Mississippi,G2800130,Indian Lands,130,1535,,,Indian Lands,Georgia,G1301535,1522849632.94625,258095168426.44,1522849632.94625,1,0.00590034149895479
1970,1790,Gordon,130,1290,44,1290,GORDON,Georgia,G1301290,Indian Lands,130,1535,,,Indian Lands,Georgia,G1301535,927258617.264044,258095168426.44,927258617.264044,1,0.00359270040937758
1970,1790,Quitman,130,2390,44,2390,QUITMAN,Georgia,G1302390,Indian Lands,130,1535,,,Indian Lands,Georgia,G1301535,416786872.715816,258095168426.44,416786872.715816,1,0.00161485732281194
1970,1790,Newton,280,1010,46,1010,NEWTON,Mississippi,G2801010,Indian Lands,130,1535,,,Indian Lands,Georgia,G1301535,1501121752.13825,258095168426.44,773238308.835799,0.51510699097816,0.00299594259571032
1970,1790,Noxubee,280,1030,46,1030,NOXUBEE,Mississippi,G2801030,Indian Lands,130,1535,,,Indian Lands,Georgia,G1301535,1813138354.84782,258095168426.44,1813138354.84782,1,0.00702507670291621
1970,1790,Dallas,010,0470,41,470,DALLAS,Alabama,G0100470,Indian Lands,130,1535,,,Indian Lands,Georgia,G1301535,2572865998.93613,258095168426.44,931407093.141401,0.362011505273316,0.00360877384423748
1970,1790,Butts,130,0350,44,350,BUTTS,Georgia,G1300350,Indian Lands,130,1535,,,Indian Lands,Georgia,G1301535,492140498.252008,258095168426.44,492140498.252008,1,0.00190681794336756
1970,1790,Talladega,010,1210,41,1210,TALLADEGA,Alabama,G0101210,Indian Lands,130,1535,,,Indian Lands,Georgia,G1301535,1969058655.63118,258095168426.44,1969058655.63118,1,0.00762919611256648
1970,1790,Troup,130,2850,44,2850,TROUP,Georgia,G1302850,Indian Lands,130,1535,,,Indian Lands,Georgia,G1301535,1155046198.70425,258095168426.44,1155046198.70425,1,0.00447527245762236
1970,1790,St Clair,010,1150,41,1150,ST CLAIR,Alabama,G0101150,Indian Lands,130,1535,,,Indian Lands,Georgia,G1301535,1692864873.7365,258095168426.44,1692864873.7365,1,0.00655907231451715
1970,1790,Neshoba,280,0990,46,990,NESHOBA,Mississippi,G2800990,Indian Lands,130,1535,,,Indian Lands,Georgia,G1301535,1480566447.33369,258095168426.44,1480566447.33369,1,0.00573651361379772
1970,1790,Bibb,010,0070,41,70,BIBB,Alabama,G0100070,Indian Lands,130,1535,,,Indian Lands,Georgia,G1301535,1621774444.63332,258095168426.44,1621774444.63332,1,0.00628362961817918
1970,1790,Pierce,130,2290,44,2290,PIERCE,Georgia,G1302290,Indian Lands,130,1535,,,Indian Lands,Georgia,G1301535,890720105.263578,258095168426.44,890720105.263578,1,0.00345113049071836
1970,1790,Meriwether,130,1990,44,1990,MERIWETHER,Georgia,G1301990,Indian Lands,130,1535,,,Indian Lands,Georgia,G1301535,1308846232.19684,258095168426.44,1308846232.19684,1,0.00507117680728641
1970,1790,Pulaski,130,2350,44,2350,PULASKI,Georgia,G1302350,Indian Lands,130,1535,,,Indian Lands,Georgia,G1301535,647224402.841398,258095168426.44,647224402.841398,1,0.00250769670268301
1970,1790,Grady,130,1310,44,1310,GRADY,Georgia,G1301310,Indian Lands,130,1535,,,Indian Lands,Georgia,G1301535,1192298775.7704,258095168426.44,1192298775.7704,1,0.00461960904979213
1970,1790,Webster,130,3070,44,3070,WEBSTER,Georgia,G1303070,Indian Lands,130,1535,,,Indian Lands,Georgia,G1301535,544570408.490985,258095168426.44,544570408.490985,1,0.00210995971684063
1970,1790,Monroe,280,0950,46,950,MONROE,Mississippi,G2800950,Indian Lands,130,1535,,,Indian Lands,Georgia,G1301535,1999597354.64187,258095168426.44,1999597354.64187,1,0.00774751951705667
1970,1790,Paulding,130,2230,44,2230,PAULDING,Georgia,G1302230,Indian Lands,130,1535,,,Indian Lands,Georgia,G1301535,816023924.004538,258095168426.44,816023924.004538,1,0.0031617171641751
1970,1790,Berrien,130,0190,44,190,BERRIEN,Georgia,G1300190,Indian Lands,130,1535,,,Indian Lands,Georgia,G1301535,1185665257.44468,258095168426.44,1185665257.44468,1,0.00459390721908308
1970,1790,Lawrence,010,0790,41,790,LAWRENCE,Alabama,G0100790,Indian Lands,130,1535,,,Indian Lands,Georgia,G1301535,1859801692.71651,258095168426.44,1859801692.71651,1,0.00720587566228146
1970,1790,Marion,010,0930,41,930,MARION,Alabama,G0100930,Indian Lands,130,1535,,,Indian Lands,Georgia,G1301535,1925864760.33736,258095168426.44,1925864760.33736,1,0.00746183964651106
1970,1790,Fayette,130,1130,44,1130,FAYETTE,Georgia,G1301130,Indian Lands,130,1535,,,Indian Lands,Georgia,G1301535,516059335.591943,258095168426.44,516059335.591943,1,0.0019994924304018
1970,1790,Webster,280,1550,46,1550,WEBSTER,Mississippi,G2801550,Indian Lands,130,1535,,,Indian Lands,Georgia,G1301535,1096460461.34892,258095168426.44,1096460461.34892,1,0.00424827968703889
1970,1790,Cherokee,130,0570,44,570,CHEROKEE,Georgia,G1300570,Indian Lands,130,1535,,,Indian Lands,Georgia,G1301535,1124028708.20492,258095168426.44,1124028708.20492,1,0.0043550939564577
1970,1790,Lee,130,1770,44,1770,LEE,Georgia,G1301770,Indian Lands,130,1535,,,Indian Lands,Georgia,G1301535,937614081.09748,258095168426.44,937614081.09748,1,0.00363282306605717
1970,1790,Calhoun,130,0370,44,370,CALHOUN,Georgia,G1300370,Indian Lands,130,1535,,,Indian Lands,Georgia,G1301535,734453474.624254,258095168426.44,734453474.624254,1,0.00284566921226029
1970,1790,Tippah,280,1390,46,1390,TIPPAH,Mississippi,G2801390,Indian Lands,130,1535,,,Indian Lands,Georgia,G1301535,1191328444.55072,258095168426.44,1191328444.55072,1,0.00461584946287076
1970,1790,Leake,280,0790,46,790,LEAKE,Mississippi,G2800790,Indian Lands,130,1535,,,Indian Lands,Georgia,G1301535,1516176283.49147,258095168426.44,1516176283.49147,1,0.00587448534095126
1970,1790,Issaquena,280,0550,46,550,ISSAQUENA,Mississippi,G2800550,Indian Lands,130,1535,,,Indian Lands,Georgia,G1301535,1143151126.43096,258095168426.44,1143151126.43096,1,0.0044291845267796
1970,1790,Lauderdale,280,0750,46,750,LAUDERDALE,Mississippi,G2800750,Indian Lands,130,1535,,,Indian Lands,Georgia,G1301535,1852583274.81922,258095168426.44,995063428.970805,0.537122105384389,0.00385541285037426
1970,1790,Douglas,130,0970,44,970,DOUGLAS,Georgia,G1300970,Indian Lands,130,1535,,,Indian Lands,Georgia,G1301535,518665110.41123,258095168426.44,518665110.41123,1,0.00200958860862619
1970,1790,Early,130,0990,44,990,EARLY,Georgia,G1300990,Indian Lands,130,1535,,,Indian Lands,Georgia,G1301535,1334768310.13793,258095168426.44,1334768310.13793,1,0.00517161292974128
1970,1790,Catoosa,130,0470,44,470,CATOOSA,Georgia,G1300470,Indian Lands,130,1535,,,Indian Lands,Georgia,G1301535,421303554.589559,258095168426.44,421303554.589559,1,0.00163235738645621
1970,1790,Hinds,280,0490,46,490,HINDS,Mississippi,G2800490,Indian Lands,130,1535,,,Indian Lands,Georgia,G1301535,2272350685.83992,258095168426.44,366266348.615707,0.161183901278127,0.00141911354191079
1970,1790,Houston,130,1530,44,1530,HOUSTON,Georgia,G1301530,Indian Lands,130,1535,,,Indian Lands,Georgia,G1301535,983761100.950331,258095168426.44,983761100.950331,1,0.00381162153072507
1970,1790,Tate,280,1370,46,1370,TATE,Mississippi,G2801370,Indian Lands,130,1535,,,Indian Lands,Georgia,G1301535,1064360956.71842,258095168426.44,1064360956.71842,1,0.00412390887906827
1970,1790,Harris,130,1450,44,1450,HARRIS,Georgia,G1301450,Indian Lands,130,1535,,,Indian Lands,Georgia,G1301535,1224910249.08266,258095168426.44,1224910249.08266,1,0.00474596350079207
1970,1790,Murray,130,2130,44,2130,MURRAY,Georgia,G1302130,Indian Lands,130,1535,,,Indian Lands,Georgia,G1301535,898419430.452851,258095168426.44,898419430.452851,1,0.00348096183253005
1970,1790,Union,280,1450,46,1450,UNION,Mississippi,G2801450,Indian Lands,130,1535,,,Indian Lands,Georgia,G1301535,1079706977.69329,258095168426.44,1079706977.69329,1,0.0041833676479729
1970,1790,Hale,010,0650,41,650,HALE,Alabama,G0100650,Indian Lands,130,1535,,,Indian Lands,Georgia,G1301535,1700275044.82289,258095168426.44,1700275044.82289,1,0.00658778331725141
1970,1790,Lafayette,280,0710,46,710,LAFAYETTE,Mississippi,G2800710,Indian Lands,130,1535,,,Indian Lands,Georgia,G1301535,1759333916.37129,258095168426.44,1759333916.37129,1,0.00681660926509255
1970,1790,Carroll,280,0150,46,150,CARROLL,Mississippi,G2800150,Indian Lands,130,1535,,,Indian Lands,Georgia,G1301535,1643480034.14902,258095168426.44,1643480034.14902,1,0.00636772878845051
1970,1790,Humphreys,280,0530,46,530,HUMPHREYS,Mississippi,G2800530,Indian Lands,130,1535,,,Indian Lands,Georgia,G1301535,1116713224.28737,258095168426.44,1116713224.28737,1,0.00432674982292684
1970,1790,Rabun,130,2410,44,2410,RABUN,Georgia,G1302410,Indian Lands,130,1535,,,Indian Lands,Georgia,G1301535,976406383.327379,258095168426.44,976406383.327379,1,0.00378312538464147
1970,1790,Ben Hill,130,0170,44,170,BEN HILL,Georgia,G1300170,Indian Lands,130,1535,,,Indian Lands,Georgia,G1301535,657940404.981295,258095168426.44,657940404.981295,1,0.00254921627937726
1970,1790,Crisp,130,0810,44,810,CRISP,Georgia,G1300810,Indian Lands,130,1535,,,Indian Lands,Georgia,G1301535,728306113.256699,258095168426.44,728306113.256699,1,0.00282185101603045
1970,1790,Habersham,130,1370,44,1370,HABERSHAM,Georgia,G1301370,Indian Lands,130,1535,,,Indian Lands,Georgia,G1301535,723118335.605554,258095168426.44,723118335.605554,1,0.00280175076509288
1970,1790,Tallapoosa,010,1230,41,1230,TALLAPOOSA,Alabama,G0101230,Indian Lands,130,1535,,,Indian Lands,Georgia,G1301535,1984560899.87702,258095168426.44,1984560899.87702,1,0.00768926017475079
1970,1790,Montgomery,280,0970,46,970,MONTGOMERY,Mississippi,G2800970,Indian Lands,130,1535,,,Indian Lands,Georgia,G1301535,1056371275.74266,258095168426.44,1056371275.74266,1,0.00409295254220824
1970,1790,Long,130,1830,44,1830,LONG,Georgia,G1301830,Liberty,130,1790,44,1790,LIBERTY,Georgia,G1301790,1045064787.05978,4376647696.91028,1045064787.05978,1,0.238782022093656
1970,1790,Candler,130,0430,44,430,CANDLER,Georgia,G1300430,Liberty,130,1790,44,1790,LIBERTY,Georgia,G1301790,644432060.923984,4376647696.91028,2941629.16630461,0.00456468469629973,0.000672119249712803
1970,1790,Evans,130,1090,44,1090,EVANS,Georgia,G1301090,Liberty,130,1790,44,1790,LIBERTY,Georgia,G1301790,484023001.50204,4376647696.91028,477115400.190655,0.985728774686433,0.109013892191386
1970,1790,Mcintosh,130,1910,44,1910,MCINTOSH,Georgia,G1301910,Liberty,130,1790,44,1790,LIBERTY,Georgia,G1301790,1168646735.77238,4376647696.91028,1168646735.77238,1,0.267018690263187
1970,1790,Liberty,130,1790,44,1790,LIBERTY,Georgia,G1301790,Liberty,130,1790,44,1790,LIBERTY,Georgia,G1301790,1363723399.31285,4376647696.91028,1363723399.31285,1,0.311590855319604
1970,1790,Tattnall,130,2670,44,2670,TATTNALL,Georgia,G1302670,Liberty,130,1790,44,1790,LIBERTY,Georgia,G1301790,1264506380.16289,4376647696.91028,319155746.245472,0.252395520696669,0.0729224210737322
1970,1790,Knox,230,0130,2,130,KNOX,Maine,G2300130,Hancock,250,0153,2,90,HANCOCK,Massachusetts,G2500153,975296038.843674,32737724755.6393,337844926.500038,0.346402438894955,0.0103197436297659
1970,1790,Washington,230,0290,2,290,WASHINGTON,Maine,G2300290,Hancock,250,0153,2,90,HANCOCK,Massachusetts,G2500153,7143590994.26271,32737724755.6393,93214320.1989098,0.0130486642185665,0.00284730600231627
1970,1790,Penobscot,230,0190,2,190,PENOBSCOT,Maine,G2300190,Hancock,250,0153,2,90,HANCOCK,Massachusetts,G2500153,9210116017.44726,32737724755.6393,8960201904.03063,0.972865258923644,0.273696537279585
1970,1790,Aroostook,230,0030,2,30,AROOSTOOK,Maine,G2300030,Hancock,250,0153,2,90,HANCOCK,Massachusetts,G2500153,17686117690.5145,32737724755.6393,11807138135.7998,0.667593552322241,0.360658482650537
1970,1790,Somerset,230,0250,2,250,SOMERSET,Maine,G2300250,Hancock,250,0153,2,90,HANCOCK,Massachusetts,G2500153,10606769480.3631,32737724755.6393,5546866.08640301,0.000522955278388223,0.000169433463315056
1970,1790,Hancock,230,0090,2,90,HANCOCK,Maine,G2300090,Hancock,250,0153,2,90,HANCOCK,Massachusetts,G2500153,4395366459.92026,32737724755.6393,4340088730.59769,0.987423635815892,0.132571483296196
1970,1790,Waldo,230,0270,2,270,WALDO,Maine,G2300270,Hancock,250,0153,2,90,HANCOCK,Massachusetts,G2500153,1956967486.03379,32737724755.6393,1470949182.78045,0.751647226271317,0.0449313198690472
1970,1790,Piscataquis,230,0210,2,210,PISCATAQUIS,Maine,G2300210,Hancock,250,0153,2,90,HANCOCK,Massachusetts,G2500153,11337008443.2669,32737724755.6393,5722740672.65466,0.504784017873198,0.174805693290242
1970,1790,Brunswick,370,0190,47,190,BRUNSWICK,North Carolina,G3700190,Brunswick,370,0190,47,190,BRUNSWICK,North Carolina,G3700190,2237790166.96452,3443869288.30825,2209373692.78014,0.987301546586504,0.64153819666758
1970,1790,Columbus,370,0470,47,470,COLUMBUS,North Carolina,G3700470,Brunswick,370,0190,47,190,BRUNSWICK,North Carolina,G3700190,2469831205.46358,3443869288.30825,1234494828.08047,0.499829634247722,0.358461580487829
1970,1790,Somerset,240,0390,52,350,SOMERSET,Maryland,G2400390,Somerset,240,0390,52,350,SOMERSET,Maryland,G2400390,856720134.434029,1431079262.18451,856720134.434029,1,0.598653168327143
1970,1790,Wicomico,240,0450,52,430,WICOMICO,Maryland,G2400450,Somerset,240,0390,52,350,SOMERSET,Maryland,G2400390,993811735.20592,1431079262.18451,574359127.750643,0.577935545942849,0.401346831672968
1970,1790,Dinwiddie,510,0530,40,530,DINWIDDIE,Virginia,G5100530,Dinwiddie,510,0530,40,530,DINWIDDIE,Virginia,G5100530,1313078417.13947,1336502607.69047,1313078417.13947,1,0.982473516762168
1970,1790,Petersburg City,510,7300,40,7300,PETERSBURG,Virginia,G5107300,Dinwiddie,510,0530,40,530,DINWIDDIE,Virginia,G5100530,60051157.1433675,1336502607.69047,23424192.8018346,0.390070631710079,0.0175264849219505
1970,1790,Moore,370,1250,47,1250,MOORE,North Carolina,G3701250,Cumberland,370,0510,47,510,CUMBERLAND,North Carolina,G3700510,1827699950.31429,3891404423.98057,87993992.2326717,0.048144659749835,0.0226123997008415
1970,1790,Harnett,370,0850,47,850,HARNETT,North Carolina,G3700850,Cumberland,370,0510,47,510,CUMBERLAND,North Carolina,G3700510,1557371624.39039,3891404423.98057,1557371624.39039,1,0.400208113757895
1970,1790,Cumberland,370,0510,47,510,CUMBERLAND,North Carolina,G3700510,Cumberland,370,0510,47,510,CUMBERLAND,North Carolina,G3700510,1705410436.72784,3891404423.98057,1595869820.65123,0.935768766440306,0.410101250545116
1970,1790,Hoke,370,0930,47,930,HOKE,North Carolina,G3700930,Cumberland,370,0510,47,510,CUMBERLAND,North Carolina,G3700510,1016162010.77105,3891404423.98057,650168986.442812,0.639828078152101,0.167078235928443
1970,1790,Mercer,210,1670,51,1670,MERCER,Kentucky,G2101670,Mercer (old),510,1177,51,1670,MERCER,Virginia,G5101177,655559962.614562,1480093618.17524,645150103.856832,0.984120661188317,0.435884660223193
1970,1790,Franklin,210,0730,51,730,FRANKLIN,Kentucky,G2100730,Mercer (old),510,1177,51,1670,MERCER,Virginia,G5101177,549355867.793253,1480093618.17524,126019845.00809,0.229395647514075,0.0851431581493173
1970,1790,Garrard,210,0790,51,790,GARRARD,Kentucky,G2100790,Mercer (old),510,1177,51,1670,MERCER,Virginia,G5101177,605739199.975621,1480093618.17524,115517015.060358,0.190704209113439,0.0780471002927335
1970,1790,Anderson,210,0050,51,50,ANDERSON,Kentucky,G2100050,Mercer (old),510,1177,51,1670,MERCER,Virginia,G5101177,529091517.044834,1480093618.17524,259853277.665215,0.49113106011714,0.175565433479525
1970,1790,Boyle,210,0210,51,210,BOYLE,Kentucky,G2100210,Mercer (old),510,1177,51,1670,MERCER,Virginia,G5101177,473937343.444294,1480093618.17524,333553378.522781,0.703792142857354,0.225359649164631
1970,1790,Anderson,450,0070,48,70,ANDERSON,South Carolina,G4500070,Pendleton,450,0755,48,755,PENDLETON,South Carolina,G4500755,1961803691.32478,4800111468.24192,1961803691.32478,1,0.408699611312008
1970,1790,Pickens,450,0770,48,770,PICKENS,South Carolina,G4500770,Pendleton,450,0755,48,755,PENDLETON,South Carolina,G4500755,1325699172.33418,4800111468.24192,1325699172.33418,1,0.276180913944428
1970,1790,Oconee,450,0730,48,730,OCONEE,South Carolina,G4500730,Pendleton,450,0755,48,755,PENDLETON,South Carolina,G4500755,1744574304.96525,4800111468.24192,1512608604.83991,0.867035929931365,0.315119474797096
1970,1790,Union,450,0870,48,870,UNION,South Carolina,G4500870,Union,450,0870,48,870,UNION,South Carolina,G4500870,1336222004.36372,1631483932.88093,1336222004.36372,1,0.819022472384495
1970,1790,Cherokee,450,0210,48,210,CHEROKEE,South Carolina,G4500210,Union,450,0870,48,870,UNION,South Carolina,G4500870,1028961616.78181,1631483932.88093,295261928.285368,0.286951353160124,0.180977527473399
1970,1790,Lenoir,370,1070,47,1070,LENOIR,North Carolina,G3701070,Jones,370,1030,47,1030,JONES,North Carolina,G3701030,1041411313.63225,1234143768.59982,8573971.48654315,0.00823303086331831,0.00694730363243712
1970,1790,Jones,370,1030,47,1030,JONES,North Carolina,G3701030,Jones,370,1030,47,1030,JONES,North Carolina,G3701030,1225581646.57404,1234143768.59982,1225569797.11328,0.99999033156152,0.99305269636757
1970,1790,Williamsburg City,510,8300,40,8300,WILLIAMSBURG,Virginia,G5108300,James City,510,0950,40,950,JAMES CITY,Virginia,G5100950,13337393.0563211,403535919.158546,9599644.06102842,0.719754154390673,0.0237888217758796
1970,1790,James City,510,0950,40,950,JAMES CITY,Virginia,G5100950,James City,510,0950,40,950,JAMES CITY,Virginia,G5100950,393974697.837699,403535919.158546,393936274.774024,0.999902473270782,0.976211177422474
1970,1790,Carroll,330,0030,4,30,CARROLL,New Hampshire,G3300030,Grafton,330,0090,4,90,GRAFTON,New Hampshire,G3300090,2569846338.1636,10222171000.9032,782191301.772871,0.304372790760642,0.0765190977243248
1970,1790,Coos,330,0070,4,70,COOS,New Hampshire,G3300070,Grafton,330,0090,4,90,GRAFTON,New Hampshire,G3300090,4743355467.21228,10222171000.9032,4743355467.21228,1,0.464026229535113
1970,1790,Merrimack,330,0130,4,130,MERRIMACK,New Hampshire,G3300130,Grafton,330,0090,4,90,GRAFTON,New Hampshire,G3300090,2477274400.3617,10222171000.9032,168267091.995014,0.0679242848391951,0.016460993655863
1970,1790,Grafton,330,0090,4,90,GRAFTON,New Hampshire,G3300090,Grafton,330,0090,4,90,GRAFTON,New Hampshire,G3300090,4532662359.30514,10222171000.9032,4527854693.72155,0.998939328544135,0.442944526492609
1970,1790,Sullivan,330,0190,4,190,SULLIVAN,New Hampshire,G3300190,Grafton,330,0090,4,90,GRAFTON,New Hampshire,G3300090,1429439685.95809,10222171000.9032,502450.188413721,0.000351501496250225,4.91529821179205e-05
1970,1790,Plymouth,250,0230,3,230,PLYMOUTH,Massachusetts,G2500230,Plymouth,250,0230,3,230,PLYMOUTH,Massachusetts,G2500230,1794681159.39292,1726883117.10389,1726883117.10405,0.962222792648135,1.00000000000009
1970,1790,Montgomery,420,0910,14,910,MONTGOMERY,Pennsylvania,G4200910,Montgomery,420,0910,14,910,MONTGOMERY,Pennsylvania,G4200910,1262498795.63357,1262498795.63357,1262498795.63357,1,1
1970,1790,Robeson,370,1550,47,1550,ROBESON,North Carolina,G3701550,Robeson,370,1550,47,1550,ROBESON,North Carolina,G3701550,2463172751.44663,2829165775.68079,2463172751.44663,1,0.870635709161973
1970,1790,Hoke,370,0930,47,930,HOKE,North Carolina,G3700930,Robeson,370,1550,47,1550,ROBESON,North Carolina,G3701550,1016162010.77105,2829165775.68079,365993024.328234,0.3601719218479,0.129364290871278
1970,1790,Cumberland,420,0410,14,410,CUMBERLAND,Pennsylvania,G4200410,Cumberland,420,0410,14,410,CUMBERLAND,Pennsylvania,G4200410,1427450317.30261,2866876209.1563,1427450317.30261,1,0.497911389666421
1970,1790,Perry,420,0990,14,990,PERRY,Pennsylvania,G4200990,Cumberland,420,0410,14,410,CUMBERLAND,Pennsylvania,G4200410,1439425891.85347,2866876209.1563,1439425891.85347,1,0.502088610333506
1970,1790,Winchester City,510,8400,40,8400,WINCHESTER,Virginia,G5108400,Frederick,510,0690,40,690,FREDERICK,Virginia,G5100690,9362080.54472752,1835083140.21847,9362080.54472752,1,0.0051017201016914
1970,1790,Warren,510,1870,40,1870,WARREN,Virginia,G5101870,Frederick,510,0690,40,690,FREDERICK,Virginia,G5100690,560279823.347312,1835083140.21847,272957520.144623,0.487180706443929,0.148743952882771
1970,1790,Clarke,510,0430,40,430,CLARKE,Virginia,G5100430,Frederick,510,0690,40,690,FREDERICK,Virginia,G5100690,461496888.895237,1835083140.21847,461496888.895237,1,0.251485547864767
1970,1790,Frederick,510,0690,40,690,FREDERICK,Virginia,G5100690,Frederick,510,0690,40,690,FREDERICK,Virginia,G5100690,1091266650.63397,1835083140.21847,1091266650.63397,1,0.594668779150822
1970,1790,Washington,420,1250,14,1250,WASHINGTON,Pennsylvania,G4201250,Washington,420,1250,14,1250,WASHINGTON,Pennsylvania,G4201250,2229833395.09261,3856588741.62423,2229833395.09261,1,0.578188016530252
1970,1790,Beaver,420,0070,14,70,BEAVER,Pennsylvania,G4200070,Washington,420,1250,14,1250,WASHINGTON,Pennsylvania,G4201250,1149702633.45392,3856588741.62423,129879913.979137,0.112968266923904,0.033677408373193
1970,1790,Greene,420,0590,14,590,GREENE,Pennsylvania,G4200590,Washington,420,1250,14,1250,WASHINGTON,Pennsylvania,G4201250,1496875432.55274,3856588741.62423,1496875432.55274,1,0.388134575096623
1970,1790,Oxford,230,0170,2,170,OXFORD,Maine,G2300170,York,250,0275,2,310,YORK,Massachusetts,G2500275,5519105741.65224,6883460912.79675,3660939641.95312,0.663321163485655,0.531845780535664
1970,1790,York,230,0310,2,310,YORK,Maine,G2300310,York,250,0275,2,310,YORK,Massachusetts,G2500275,2631152386.76295,6883460912.79675,2631152386.76295,1,0.382242656723959
1970,1790,Cumberland,230,0050,2,50,CUMBERLAND,Maine,G2300050,York,250,0275,2,310,YORK,Massachusetts,G2500275,2498477378.37972,6883460912.79675,171130137.788309,0.0684937711540492,0.024861060439839
1970,1790,Franklin,230,0070,2,70,FRANKLIN,Maine,G2300070,York,250,0275,2,310,YORK,Massachusetts,G2500275,4517579049.21068,6883460912.79675,420238745.898178,0.0930229977871893,0.0610505022432727
1970,1790,Erie,420,0490,14,490,ERIE,Pennsylvania,G4200490,Erie Triangle (No Data),420,0495,,,Erie Triangle (No Data),Pennsylvania,G4200495,2082480045.13504,866481155.653638,866481155.653638,0.416081372629647,1
1970,1790,Richmond,130,2450,44,2450,RICHMOND,Georgia,G1302450,Richmond,130,2450,44,2450,RICHMOND,Georgia,G1302450,850697063.780858,3107733770.67807,850697063.780858,1,0.27373550199419
1970,1790,Jefferson,130,1630,44,1630,JEFFERSON,Georgia,G1301630,Richmond,130,2450,44,2450,RICHMOND,Georgia,G1302450,1371566393.78501,3107733770.67807,126041021.081478,0.0918956761062453,0.0405572131920352
1970,1790,Glascock,130,1250,44,1250,GLASCOCK,Georgia,G1301250,Richmond,130,2450,44,2450,RICHMOND,Georgia,G1302450,374130626.384482,3107733770.67807,330561629.664718,0.883546030056921,0.106367422069296
1970,1790,Warren,130,3010,44,3010,WARREN,Georgia,G1303010,Richmond,130,2450,44,2450,RICHMOND,Georgia,G1302450,742656070.438244,3107733770.67807,313566454.355977,0.42222297351039,0.100898750502544
1970,1790,Mcduffie,130,1890,44,1890,MCDUFFIE,Georgia,G1301890,Richmond,130,2450,44,2450,RICHMOND,Georgia,G1302450,689717211.014519,3107733770.67807,689717211.014519,1,0.221935745436788
1970,1790,Columbia,130,0730,44,730,COLUMBIA,Georgia,G1300730,Richmond,130,2450,44,2450,RICHMOND,Georgia,G1302450,797150394.850826,3107733770.67807,797150394.850826,1,0.256505368114881
1970,1790,Merrimack,330,0130,4,130,MERRIMACK,New Hampshire,G3300130,Hillsborough,330,0110,4,110,HILLSBOROUGH,New Hampshire,G3300110,2477274400.3617,3515671187.18585,1273022571.77456,0.513880324112941,0.362099441044019
1970,1790,Hillsborough,330,0110,4,110,HILLSBOROUGH,New Hampshire,G3300110,Hillsborough,330,0110,4,110,HILLSBOROUGH,New Hampshire,G3300110,2310763233.53943,3515671187.18585,2240943940.52798,0.969785180931535,0.637415680026027
1970,1790,Sullivan,330,0190,4,190,SULLIVAN,New Hampshire,G3300190,Hillsborough,330,0110,4,110,HILLSBOROUGH,New Hampshire,G3300110,1429439685.95809,3515671187.18585,1704676.79646163,0.00119254894991883,0.00048487947413141
1970,1790,South Boston City,510,7800,40,7800,SOUTH BOSTON,Virginia,G5107800,Halifax,510,0830,40,830,HALIFAX,Virginia,G5100830,14381350.6347238,2148570547.53736,14381350.6347238,1,0.0066934505135088
1970,1790,Halifax,510,0830,40,830,HALIFAX,Virginia,G5100830,Halifax,510,0830,40,830,HALIFAX,Virginia,G5100830,2134189196.40851,2148570547.53736,2134189196.40851,1,0.993306549256513
1970,1790,Washington,440,0090,5,90,WASHINGTON,Rhode Island,G4400090,Washington,440,0090,5,90,WASHINGTON,Rhode Island,G4400090,911160305.403114,882801827.850742,882801827.850742,0.968876522183628,1
1970,1790,Bertie,370,0150,47,150,BERTIE,North Carolina,G3700150,Bertie,370,0150,47,150,BERTIE,North Carolina,G3700150,1833032307.5011,1833032307.5011,1833032307.5011,1,1
1970,1790,New York,360,0610,13,610,NEW YORK,New York,G3600610,New York,360,0610,13,610,NEW YORK,New York,G3600610,59669749.3686744,58741888.9201045,58741888.9201045,0.984450069618408,1
1970,1790,Isle Of Wight,510,0930,40,930,ISLE OF WIGHT,Virginia,G5100930,Isle Of Wight,510,0930,40,930,ISLE OF WIGHT,Virginia,G5100930,830480871.53418,830480871.53418,830480871.53418,1,1
1970,1790,Jackson,370,0990,47,990,JACKSON,North Carolina,G3700990,Indian Lands,370,0955,,,Indian Lands,North Carolina,G3700955,1280771403.76555,11025531616.3166,1280771403.76555,1,0.11616414050005
1970,1790,Transylvania,370,1750,47,1750,TRANSYLVANIA,North Carolina,G3701750,Indian Lands,370,0955,,,Indian Lands,North Carolina,G3700955,985649293.611321,11025531616.3166,934837218.289833,0.948448118767156,0.0847884030286917
1970,1790,Henderson,370,0890,47,890,HENDERSON,North Carolina,G3700890,Indian Lands,370,0955,,,Indian Lands,North Carolina,G3700955,971352580.233553,11025531616.3166,485534282.236683,0.499853803981187,0.0440372672387194
1970,1790,Cherokee,370,0390,47,390,CHEROKEE,North Carolina,G3700390,Indian Lands,370,0955,,,Indian Lands,North Carolina,G3700955,1208691654.58522,11025531616.3166,1208691654.58522,1,0.109626610003683
1970,1790,Haywood,370,0870,47,870,HAYWOOD,North Carolina,G3700870,Indian Lands,370,0955,,,Indian Lands,North Carolina,G3700955,1436486397.84137,11025531616.3166,1436486397.84137,1,0.130287268481053
1970,1790,Swain,370,1730,47,1730,SWAIN,North Carolina,G3701730,Indian Lands,370,0955,,,Indian Lands,North Carolina,G3700955,1400263055.93629,11025531616.3166,1400263055.93629,1,0.127001863008951
1970,1790,Macon,370,1130,47,1130,MACON,North Carolina,G3701130,Indian Lands,370,0955,,,Indian Lands,North Carolina,G3700955,1345429935.04008,11025531616.3166,1345429935.04008,1,0.122028577111782
1970,1790,Graham,370,0750,47,750,GRAHAM,North Carolina,G3700750,Indian Lands,370,0955,,,Indian Lands,North Carolina,G3700955,781150796.040922,11025531616.3166,781150796.040922,1,0.0708492636205318
1970,1790,Madison,370,1150,47,1150,MADISON,North Carolina,G3701150,Indian Lands,370,0955,,,Indian Lands,North Carolina,G3700955,1169603159.2704,11025531616.3166,738173995.716542,0.63113201248278,0.0669513290972859
1970,1790,Buncombe,370,0210,47,210,BUNCOMBE,North Carolina,G3700210,Indian Lands,370,0955,,,Indian Lands,North Carolina,G3700955,1708886244.6217,11025531616.3166,842834673.96372,0.493207009311671,0.0764439034138197
1970,1790,Clay,370,0430,47,430,CLAY,North Carolina,G3700430,Indian Lands,370,0955,,,Indian Lands,North Carolina,G3700955,571358206.331155,11025531616.3166,571358206.331155,1,0.0518213748065996
1970,1790,Oxford,230,0170,2,170,OXFORD,Maine,G2300170,Cumberland,250,0055,2,50,CUMBERLAND,Massachusetts,G2500055,5519105741.65224,9814998055.86865,1858166099.69901,0.336678836514326,0.189319049185951
1970,1790,Cumberland,230,0050,2,50,CUMBERLAND,Maine,G2300050,Cumberland,250,0055,2,50,CUMBERLAND,Massachusetts,G2500055,2498477378.37972,9814998055.86865,2327343655.01236,0.931504793740285,0.237121152929906
1970,1790,Androscoggin,230,0010,2,10,ANDROSCOGGIN,Maine,G2300010,Cumberland,250,0055,2,50,CUMBERLAND,Massachusetts,G2500055,1287795157.31283,9814998055.86865,771160880.818589,0.598822628303499,0.0785696417288123
1970,1790,Franklin,230,0070,2,70,FRANKLIN,Maine,G2300070,Cumberland,250,0055,2,50,CUMBERLAND,Massachusetts,G2500055,4517579049.21068,9814998055.86865,3369645946.47958,0.745896399326611,0.34331600753245
1970,1790,Somerset,230,0250,2,250,SOMERSET,Maine,G2300250,Cumberland,250,0055,2,50,CUMBERLAND,Massachusetts,G2500055,10606769480.3631,9814998055.86865,1488681465.6354,0.140352014663039,0.151674147785009
1970,1790,Mecklenburg,510,1170,40,1170,MECKLENBURG,Virginia,G5101170,Mecklenburg,510,1170,40,1170,MECKLENBURG,Virginia,G5101170,1759359140.99797,1759359140.99797,1759359140.99797,1,1
1970,1790,Addison,500,0010,6,10,ADDISON,Vermont,G5000010,Rutland,500,0210,6,210,RUTLAND,Vermont,G5000210,2093371534.47018,2528504312.9958,152675006.238438,0.0729325892343706,0.0603815486703865
1970,1790,Rutland,500,0210,6,210,RUTLAND,Vermont,G5000210,Rutland,500,0210,6,210,RUTLAND,Vermont,G5000210,2446912646.92751,2528504312.9958,2325489939.32688,0.9503771792781,0.91970969848638
1970,1790,Windsor,500,0270,6,270,WINDSOR,Vermont,G5000270,Rutland,500,0210,6,210,RUTLAND,Vermont,G5000210,2527195527.71016,2528504312.9958,50339366.8341945,0.0199190629621785,0.0199087526074069
1970,1790,Fauquier,510,0610,40,610,FAUQUIER,Virginia,G5100610,Fauquier,510,0610,40,610,FAUQUIER,Virginia,G5100610,1687167645.36515,1687167645.36515,1687167645.36515,1,1
1970,1790,Surry,510,1810,40,1810,SURRY,Virginia,G5101810,Surry,510,1810,40,1810,SURRY,Virginia,G5101810,729321140.48558,729321140.48558,729321140.48558,1,1
1970,1790,Columbia,360,0210,13,210,COLUMBIA,New York,G3600210,Dutchess,360,0270,13,270,DUTCHESS,New York,G3600270,1679000139.91489,2776362187.27675,881281.753266633,0.000524884859932952,0.000317423194028966
1970,1790,Putnam,360,0790,13,790,PUTNAM,New York,G3600790,Dutchess,360,0270,13,270,DUTCHESS,New York,G3600270,640815578.245435,2776362187.27675,640815578.245435,1,0.230811232476117
1970,1790,Dutchess,360,0270,13,270,DUTCHESS,New York,G3600270,Dutchess,360,0270,13,270,DUTCHESS,New York,G3600270,2134665327.16116,2776362187.27675,2134665327.16116,1,0.768871344287753
1970,1790,Franklin,510,0670,40,670,FRANKLIN,Virginia,G5100670,Henry,510,0890,40,890,HENRY,Virginia,G5100890,1842936163.70493,2453878828.94763,25536514.137775,0.0138564290183757,0.0104065913265679
1970,1790,Henry,510,0890,40,890,HENRY,Virginia,G5100890,Henry,510,0890,40,890,HENRY,Virginia,G5100890,995565863.963075,2453878828.94763,995565863.963075,1,0.405711093888868
1970,1790,Martinsville City,510,6900,40,6900,MARTINSVILLE,Virginia,G5106900,Henry,510,0890,40,890,HENRY,Virginia,G5100890,28509629.2248668,2453878828.94763,28509629.2248668,1,0.0116181894918966
1970,1790,Carroll,510,0350,40,350,CARROLL,Virginia,G5100350,Henry,510,0890,40,890,HENRY,Virginia,G5100890,1239786446.53514,2453878828.94763,145873517.257531,0.117660196774378,0.0594460963339787
1970,1790,Patrick,510,1410,40,1410,PATRICK,Virginia,G5101410,Henry,510,0890,40,890,HENRY,Virginia,G5100890,1258393304.36446,2453878828.94763,1258393304.36446,1,0.512818028958724
1970,1790,Middlesex,090,0070,1,70,MIDDLESEX,Connecticut,G0900070,Middlesex,090,0070,1,70,MIDDLESEX,Connecticut,G0900070,992406269.325784,932500428.697142,932500428.697142,0.939635769663829,1
1970,1790,Dare,370,0550,47,550,DARE,North Carolina,G3700550,Currituck,370,0530,47,530,CURRITUCK,North Carolina,G3700530,1001387389.98769,928194956.002241,242603521.371821,0.242267402003937,0.261371298995978
1970,1790,Currituck,370,0530,47,530,CURRITUCK,North Carolina,G3700530,Currituck,370,0530,47,530,CURRITUCK,North Carolina,G3700530,685410683.2381,928194956.002241,685410683.2381,1,0.738433966706931
1970,1790,Hyde,370,0950,47,950,HYDE,North Carolina,G3700950,Currituck,370,0530,47,530,CURRITUCK,North Carolina,G3700530,1782830606.51135,928194956.002241,180751.39274399,0.000101384501748982,0.000194734297547242
1970,1790,Fairfield,090,0010,1,10,FAIRFIELD,Connecticut,G0900010,Fairfield,090,0010,1,10,FAIRFIELD,Connecticut,G0900010,1673889466.31139,1673889466.31139,1673889466.31139,1,1
1970,1790,Vance,370,1810,47,1810,VANCE,North Carolina,G3701810,Granville,370,0770,47,770,GRANVILLE,North Carolina,G3700770,698839920.38947,1942457933.09871,446880255.111813,0.639460113931045,0.230059167561444
1970,1790,Franklin,370,0690,47,690,FRANKLIN,North Carolina,G3700690,Granville,370,0770,47,770,GRANVILLE,North Carolina,G3700770,1280984874.54759,1942457933.09871,105876467.199883,0.0826523945001901,0.0545064402146326
1970,1790,Granville,370,0770,47,770,GRANVILLE,North Carolina,G3700770,Granville,370,0770,47,770,GRANVILLE,North Carolina,G3700770,1389701208.89077,1942457933.09871,1389701208.89077,1,0.715434391247715
1970,1790,Anson,370,0070,47,70,ANSON,North Carolina,G3700070,Anson,370,0070,47,70,ANSON,North Carolina,G3700070,1391165935.04906,2138698859.82135,1391165935.04906,1,0.650473033480396
1970,1790,Union,370,1790,47,1790,UNION,North Carolina,G3701790,Anson,370,0070,47,70,ANSON,North Carolina,G3700070,1656541334.21703,2138698859.82135,747532924.772303,0.451261257012718,0.349526966519609
1970,1790,Burlington,340,0050,12,50,BURLINGTON,New Jersey,G3400050,Burlington,340,0050,12,50,BURLINGTON,New Jersey,G3400050,2108104792.25976,2348529606.98832,2097496266.97012,0.994967742908895,0.893110421401022
1970,1790,Mercer,340,0210,12,210,MERCER,New Jersey,G3400210,Burlington,340,0050,12,50,BURLINGTON,New Jersey,G3400050,589813518.510609,2348529606.98832,114529325.268999,0.194178874635168,0.0487663961860237
1970,1790,Ocean,340,0290,12,290,OCEAN,New Jersey,G3400290,Burlington,340,0050,12,50,BURLINGTON,New Jersey,G3400050,1704201820.35261,2348529606.98832,136504014.749253,0.0800985030757734,0.058123182412974
1970,1790,Greenwood,450,0470,48,470,GREENWOOD,South Carolina,G4500470,Abbeville,450,0010,48,10,ABBEVILLE,South Carolina,G4500010,1199017450.03315,2528537573.95929,702821691.265626,0.586164689468193,0.277955802794387
1970,1790,Abbeville,450,0010,48,10,ABBEVILLE,South Carolina,G4500010,Abbeville,450,0010,48,10,ABBEVILLE,South Carolina,G4500010,1323622608.66307,2528537573.95929,1323622608.66307,1,0.52347357709638
1970,1790,Mccormick,450,0650,48,650,MCCORMICK,South Carolina,G4500650,Abbeville,450,0010,48,10,ABBEVILLE,South Carolina,G4500010,1020082670.94787,2528537573.95929,502093277.061055,0.492208417377099,0.198570621307738
1970,1790,Norfolk City,510,7100,40,7100,NORFOLK CITY,Virginia,G5107100,Norfolk,510,1290,40,1290,NORFOLK,Virginia,G5101290,142506700.355276,1100563559.63265,105821608.247675,0.74257286137323,0.0961522006807092
1970,1790,Chesapeake City,510,5500,40,5500,CHESAPEAKE,Virginia,G5105500,Norfolk,510,1290,40,1290,NORFOLK,Virginia,G5101290,907780159.985831,1100563559.63265,906371748.312888,0.998448510184487,0.82355238857392
1970,1790,Portsmouth City,510,7400,40,7400,PORTSMOUTH,Virginia,G5107400,Norfolk,510,1290,40,1290,NORFOLK,Virginia,G5101290,88370202.7766066,1100563559.63265,88370202.7766066,1,0.0802954104768859
1970,1790,Caroline,510,0330,40,330,CAROLINE,Virginia,G5100330,Caroline,510,0330,40,330,CAROLINE,Virginia,G5100330,1395710281.21232,1395710281.21232,1395710281.21232,1,1
1970,1790,District Of Columbia,110,0010,,,District Of Columbia,District of Columbia,G1100010,Montgomery,240,0310,52,290,MONTGOMERY,Maryland,G2400310,159396851.325652,1364690298.43553,53644577.797182,0.336547286543224,0.039308975713156
1970,1790,Montgomery,240,0310,52,290,MONTGOMERY,Maryland,G2400310,Montgomery,240,0310,52,290,MONTGOMERY,Maryland,G2400310,1311045720.63835,1364690298.43553,1311045720.63835,1,0.960691024286845
1970,1790,Hartford,090,0030,1,30,HARTFORD,Connecticut,G0900030,Litchfield,090,0050,1,50,LITCHFIELD,Connecticut,G0900050,1943959499.01766,2656160553.17178,100331420.07024,0.0516118880670818,0.0377731007074975
1970,1790,New Haven,090,0090,1,90,NEW HAVEN,Connecticut,G0900090,Litchfield,090,0050,1,50,LITCHFIELD,Connecticut,G0900050,1603794383.32142,2656160553.17178,109413461.882406,0.0682216267996978,0.0411923374706218
1970,1790,Litchfield,090,0050,1,50,LITCHFIELD,Connecticut,G0900050,Litchfield,090,0050,1,50,LITCHFIELD,Connecticut,G0900050,2446415671.7028,2656160553.17178,2446415671.7028,1,0.92103456200397
1970,1790,Baltimore City,240,5100,52,5100,BALTIMORE CITY,Maryland,G2405100,Baltimore,240,0050,52,50,BALTIMORE,Maryland,G2400050,210323804.630576,2302696521.35543,169756596.275088,0.807120223853205,0.0737207854794363
1970,1790,Baltimore,240,0050,52,50,BALTIMORE,Maryland,G2400050,Baltimore,240,0050,52,50,BALTIMORE,Maryland,G2400050,1578734431.03864,2302696521.35543,1578734431.03864,1,0.685602473620516
1970,1790,Carroll,240,0130,52,110,CARROLL,Maryland,G2400130,Baltimore,240,0050,52,50,BALTIMORE,Maryland,G2400050,1171700858.5808,2302696521.35543,554205494.04151,0.472992308559694,0.240676740899964
1970,1790,Henry,390,0690,24,690,HENRY,Ohio,G3900690,Territory outline (No Population),385,0000,,,Territory outline (No Population),Northwest Territory,G3850000,1087729737.51934,711109632636.054,1087729737.51934,1,0.00152962312363449
1970,1790,Adams,550,0010,25,10,ADAMS,Wisconsin,G5500010,Territory outline (No Population),385,0000,,,Territory outline (No Population),Northwest Territory,G3850000,1783222617.11198,711109632636.054,1783222617.11198,1,0.00250766201900774
1970,1790,Belmont,390,0130,24,130,BELMONT,Ohio,G3900130,Territory outline (No Population),385,0000,,,Territory outline (No Population),Northwest Territory,G3850000,1402187237.62118,711109632636.054,1402187237.62118,1,0.00197182990254728
1970,1790,Madison,170,1190,21,1190,MADISON,Illinois,G1701190,Territory outline (No Population),385,0000,,,Territory outline (No Population),Northwest Territory,G3850000,1917499642.95295,711109632636.054,1917499642.95295,1,0.00269648947918883
1970,1790,Randolph,180,1350,22,1350,RANDOLPH,Indiana,G1801350,Territory outline (No Population),385,0000,,,Territory outline (No Population),Northwest Territory,G3850000,1173845059.30903,711109632636.054,1173845059.30903,1,0.00165072304668077
1970,1790,Pickaway,390,1290,24,1290,PICKAWAY,Ohio,G3901290,Territory outline (No Population),385,0000,,,Territory outline (No Population),Northwest Territory,G3850000,1312578383.67214,711109632636.054,1312578383.67214,1,0.0018458171896877
1970,1790,Sherburne,270,1410,33,1410,SHERBURNE,Minnesota,G2701410,Territory outline (No Population),385,0000,,,Territory outline (No Population),Northwest Territory,G3850000,1168057743.94244,711109632636.054,1168057743.94244,1,0.00164258461752584
1970,1790,Gibson,180,0510,22,510,GIBSON,Indiana,G1800510,Territory outline (No Population),385,0000,,,Territory outline (No Population),Northwest Territory,G3850000,1292543718.84031,711109632636.054,1292543718.84031,1,0.00181764338369163
1970,1790,Auglaize,390,0110,24,110,AUGLAIZE,Ohio,G3900110,Territory outline (No Population),385,0000,,,Territory outline (No Population),Northwest Territory,G3850000,1040444338.66115,711109632636.054,1040444338.66115,1,0.00146312789323956
1970,1790,Cook,170,0310,21,310,COOK,Illinois,G1700310,Territory outline (No Population),385,0000,,,Territory outline (No Population),Northwest Territory,G3850000,2481420599.82511,711109632636.054,2481420599.82511,1,0.00348950497355321
1970,1790,Pine,270,1150,33,1150,PINE,Minnesota,G2701150,Territory outline (No Population),385,0000,,,Territory outline (No Population),Northwest Territory,G3850000,3715457775.33197,711109632636.054,3715457775.33197,1,0.00522487335962378
1970,1790,Brown,180,0130,22,130,BROWN,Indiana,G1800130,Territory outline (No Population),385,0000,,,Territory outline (No Population),Northwest Territory,G3850000,820046523.472598,711109632636.054,820046523.472598,1,0.00115319282124293
1970,1790,Paulding,390,1250,24,1250,PAULDING,Ohio,G3901250,Territory outline (No Population),385,0000,,,Territory outline (No Population),Northwest Territory,G3850000,1084936208.43806,711109632636.054,1084936208.43806,1,0.00152569471519636
1970,1790,Fulton,390,0510,24,510,FULTON,Ohio,G3900510,Territory outline (No Population),385,0000,,,Territory outline (No Population),Northwest Territory,G3850000,1054951868.21221,711109632636.054,1054951868.21221,1,0.00148352914908711
1970,1790,Jefferson,170,0810,21,810,JEFFERSON,Illinois,G1700810,Territory outline (No Population),385,0000,,,Territory outline (No Population),Northwest Territory,G3850000,1511811483.46397,711109632636.054,1511811483.46397,1,0.00212598931877739
1970,1790,St Croix,550,1090,25,1090,ST CROIX,Wisconsin,G5501090,Territory outline (No Population),385,0000,,,Territory outline (No Population),Northwest Territory,G3850000,1905704920.4854,711109632636.054,1905704920.4854,1,0.00267990311623403
1970,1790,Edgar,170,0450,21,450,EDGAR,Illinois,G1700450,Territory outline (No Population),385,0000,,,Territory outline (No Population),Northwest Territory,G3850000,1616628357.03306,711109632636.054,1616628357.03306,1,0.00227338835369208
1970,1790,Sanilac,260,1510,23,1510,SANILAC,Michigan,G2601510,Territory outline (No Population),385,0000,,,Territory outline (No Population),Northwest Territory,G3850000,2496777261.73232,711109632636.054,2496777261.73232,1,0.00351110032425925
1970,1790,Holmes,390,0750,24,750,HOLMES,Ohio,G3900750,Territory outline (No Population),385,0000,,,Territory outline (No Population),Northwest Territory,G3850000,1098202255.18931,711109632636.054,1098202255.18931,1,0.0015443501322269
1970,1790,Kanabec,270,0650,33,650,KANABEC,Minnesota,G2700650,Territory outline (No Population),385,0000,,,Territory outline (No Population),Northwest Territory,G3850000,1381434722.75088,711109632636.054,1381434722.75088,1,0.00194264661783578
1970,1790,Clare,260,0350,23,350,CLARE,Michigan,G2600350,Territory outline (No Population),385,0000,,,Territory outline (No Population),Northwest Territory,G3850000,1489787977.14646,711109632636.054,1489787977.14646,1,0.0020950186986272
1970,1790,Ottawa,390,1230,24,1230,OTTAWA,Ohio,G3901230,Territory outline (No Population),385,0000,,,Territory outline (No Population),Northwest Territory,G3850000,691781701.51173,711109632636.054,691781701.51173,1,0.000972820040346414
1970,1790,Leelanau,260,0890,23,890,LEELANAU,Michigan,G2600890,Territory outline (No Population),385,0000,,,Territory outline (No Population),Northwest Territory,G3850000,973637319.830126,711109632636.054,973637319.830126,1,0.00136918032768153
1970,1790,Trempealeau,550,1210,25,1210,TREMPEALEAU,Wisconsin,G5501210,Territory outline (No Population),385,0000,,,Territory outline (No Population),Northwest Territory,G3850000,1921707862.81402,711109632636.054,1921707862.81402,1,0.00270240730067223
1970,1790,Ramsey,270,1230,33,1230,RAMSEY,Minnesota,G2701230,Territory outline (No Population),385,0000,,,Territory outline (No Population),Northwest Territory,G3850000,440640230.14473,711109632636.054,428909454.294298,0.973377882798902,0.000603155174124626
1970,1790,Allen,390,0030,24,30,ALLEN,Ohio,G3900030,Territory outline (No Population),385,0000,,,Territory outline (No Population),Northwest Territory,G3850000,1053814305.81247,711109632636.054,1053814305.81247,1,0.00148192944863653
1970,1790,Mclean,170,1130,21,1130,MCLEAN,Illinois,G1701130,Territory outline (No Population),385,0000,,,Territory outline (No Population),Northwest Territory,G3850000,3072453900.4841,711109632636.054,3072453900.4841,1,0.00432064728063751
1970,1790,Schoolcraft,260,1530,23,1530,SCHOOLCRAFT,Michigan,G2601530,Territory outline (No Population),385,0000,,,Territory outline (No Population),Northwest Territory,G3850000,3163784852.92701,711109632636.054,3163784852.92701,1,0.00444908169953906
1970,1790,Gallia,390,0530,24,530,GALLIA,Ohio,G3900530,Territory outline (No Population),385,0000,,,Territory outline (No Population),Northwest Territory,G3850000,1220234999.57999,711109632636.054,1220234999.57999,1,0.00171595903581931
1970,1790,Vilas,550,1250,25,1250,VILAS,Wisconsin,G5501250,Territory outline (No Population),385,0000,,,Territory outline (No Population),Northwest Territory,G3850000,2636166225.15492,711109632636.054,2636166225.15492,1,0.00370711646161051
1970,1790,Green,550,0450,25,450,GREEN,Wisconsin,G5500450,Territory outline (No Population),385,0000,,,Territory outline (No Population),Northwest Territory,G3850000,1513995808.04162,711109632636.054,1513995808.04162,1,0.00212906103160113
1970,1790,Mackinac,260,0970,23,970,MACKINAC/MICHILIM,Michigan,G2600970,Territory outline (No Population),385,0000,,,Territory outline (No Population),Northwest Territory,G3850000,2752863090.31162,711109632636.054,2752863090.31162,1,0.00387122176942937
1970,1790,Monroe,260,1150,23,1150,MONROE,Michigan,G2601150,Territory outline (No Population),385,0000,,,Territory outline (No Population),Northwest Territory,G3850000,1444060188.29205,711109632636.054,1444060188.29205,1,0.00203071386185415
1970,1790,Henry,180,0650,22,650,HENRY,Indiana,G1800650,Territory outline (No Population),385,0000,,,Territory outline (No Population),Northwest Territory,G3850000,1022776000.76415,711109632636.054,1022776000.76415,1,0.00143828174141414
1970,1790,Saginaw,260,1450,23,1450,SAGINAW,Michigan,G2601450,Territory outline (No Population),385,0000,,,Territory outline (No Population),Northwest Territory,G3850000,2112842009.18422,711109632636.054,2112842009.18422,1,0.00297119025283345
1970,1790,Starke,180,1490,22,1490,STARKE,Indiana,G1801490,Territory outline (No Population),385,0000,,,Territory outline (No Population),Northwest Territory,G3850000,808883732.945396,711109632636.054,808883732.945396,1,0.00113749511442687
1970,1790,Manistee,260,1010,23,1010,MANISTEE,Michigan,G2601010,Territory outline (No Population),385,0000,,,Territory outline (No Population),Northwest Territory,G3850000,1442674190.97075,711109632636.054,1442674190.97075,1,0.00202876479906876
1970,1790,Noble,390,1210,24,1210,NOBLE,Ohio,G3901210,Territory outline (No Population),385,0000,,,Territory outline (No Population),Northwest Territory,G3850000,1047869725.10001,711109632636.054,1047869725.10001,1,0.00147356986462916
1970,1790,Macoupin,170,1170,21,1170,MACOUPIN,Illinois,G1701170,Territory outline (No Population),385,0000,,,Territory outline (No Population),Northwest Territory,G3850000,2247102713.0229,711109632636.054,2247102713.0229,1,0.0031599947601511
1970,1790,La Salle,170,0990,21,990,LA SALLE,Illinois,G1700990,Territory outline (No Population),385,0000,,,Territory outline (No Population),Northwest Territory,G3850000,2973390555.62849,711109632636.054,2973390555.62849,1,0.00418133916229801
1970,1790,Ottawa,260,1390,23,1390,OTTAWA,Michigan,G2601390,Territory outline (No Population),385,0000,,,Territory outline (No Population),Northwest Territory,G3850000,1495355672.61875,711109632636.054,1495355672.61875,1,0.00210284828666366
1970,1790,Spencer,180,1470,22,1470,SPENCER,Indiana,G1801470,Territory outline (No Population),385,0000,,,Territory outline (No Population),Northwest Territory,G3850000,1039187347.70993,711109632636.054,1039187347.70993,1,0.00146136024603928
1970,1790,Montgomery,170,1350,21,1350,MONTGOMERY,Illinois,G1701350,Territory outline (No Population),385,0000,,,Territory outline (No Population),Northwest Territory,G3850000,1838245892.84728,711109632636.054,1838245892.84728,1,0.00258503866138471
1970,1790,Fulton,180,0490,22,490,FULTON,Indiana,G1800490,Territory outline (No Population),385,0000,,,Territory outline (No Population),Northwest Territory,G3850000,961849659.801439,711109632636.054,961849659.801439,1,0.00135260389630204
1970,1790,Arenac,260,0110,23,110,ARENAC,Michigan,G2600110,Territory outline (No Population),385,0000,,,Territory outline (No Population),Northwest Territory,G3850000,953335275.396835,711109632636.054,953335275.396835,1,0.00134063051833915
1970,1790,Eau Claire,550,0350,25,350,EAU CLAIRE,Wisconsin,G5500350,Territory outline (No Population),385,0000,,,Territory outline (No Population),Northwest Territory,G3850000,1671247101.08723,711109632636.054,1671247101.08723,1,0.00235019612220971
1970,1790,Hancock,180,0590,22,590,HANCOCK,Indiana,G1800590,Territory outline (No Population),385,0000,,,Territory outline (No Population),Northwest Territory,G3850000,794431904.924349,711109632636.054,794431904.924349,1,0.00111717218901876
1970,1790,Dearborn,180,0290,22,290,DEARBORN,Indiana,G1800290,Territory outline (No Population),385,0000,,,Territory outline (No Population),Northwest Territory,G3850000,795253362.573597,711109632636.054,795253362.573597,1,0.00111832736623975
1970,1790,Morgan,170,1370,21,1370,MORGAN,Illinois,G1701370,Territory outline (No Population),385,0000,,,Territory outline (No Population),Northwest Territory,G3850000,1482155424.37474,711109632636.054,1482155424.37474,1,0.00208428539897632
1970,1790,Waukesha,550,1330,25,1330,WAUKESHA,Wisconsin,G5501330,Territory outline (No Population),385,0000,,,Territory outline (No Population),Northwest Territory,G3850000,1503428357.7237,711109632636.054,1503428357.7237,1,0.00211420052369499
1970,1790,Otsego,260,1370,23,1370,OTSEGO,Michigan,G2601370,Territory outline (No Population),385,0000,,,Territory outline (No Population),Northwest Territory,G3850000,1362269260.60192,711109632636.054,1362269260.60192,1,0.00191569513065383
1970,1790,Lake,390,0850,24,850,LAKE,Ohio,G3900850,Territory outline (No Population),385,0000,,,Territory outline (No Population),Northwest Territory,G3850000,600136289.22423,711109632636.054,600136289.22423,1,0.000843943411369003
1970,1790,Warrick,180,1730,22,1730,WARRICK,Indiana,G1801730,Territory outline (No Population),385,0000,,,Territory outline (No Population),Northwest Territory,G3850000,1012323979.33888,711109632636.054,1012323979.33888,1,0.00142358355572577
1970,1790,Knox,170,0950,21,950,KNOX,Illinois,G1700950,Territory outline (No Population),385,0000,,,Territory outline (No Population),Northwest Territory,G3850000,1863999994.49028,711109632636.054,1863999994.49028,1,0.0026212554421187
1970,1790,Lake,170,0970,21,970,LAKE,Illinois,G1700970,Territory outline (No Population),385,0000,,,Territory outline (No Population),Northwest Territory,G3850000,1216721138.40454,711109632636.054,1216721138.40454,1,0.00171101765826769
1970,1790,Woodford,170,2030,21,2030,WOODFORD,Illinois,G1702030,Territory outline (No Population),385,0000,,,Territory outline (No Population),Northwest Territory,G3850000,1405696460.96309,711109632636.054,1405696460.96309,1,0.00197676475813193
1970,1790,Crawford,390,0330,24,330,CRAWFORD,Ohio,G3900330,Territory outline (No Population),385,0000,,,Territory outline (No Population),Northwest Territory,G3850000,1043320847.2995,711109632636.054,1043320847.2995,1,0.00146717299192243
1970,1790,Orange,180,1170,22,1170,ORANGE,Indiana,G1801170,Territory outline (No Population),385,0000,,,Territory outline (No Population),Northwest Territory,G3850000,1057236908.39455,711109632636.054,1057236908.39455,1,0.00148674249352441
1970,1790,Monroe,180,1050,22,1050,MONROE,Indiana,G1801050,Territory outline (No Population),385,0000,,,Territory outline (No Population),Northwest Territory,G3850000,1065307222.77078,711109632636.054,1065307222.77078,1,0.00149809139671155
1970,1790,Waushara,550,1370,25,1370,WAUSHARA,Wisconsin,G5501370,Territory outline (No Population),385,0000,,,Territory outline (No Population),Northwest Territory,G3850000,1650820867.97208,711109632636.054,1650820867.97208,1,0.00232147167217038
1970,1790,Adams,180,0010,22,10,ADAMS,Indiana,G1800010,Territory outline (No Population),385,0000,,,Territory outline (No Population),Northwest Territory,G3850000,880420113.674117,711109632636.054,880420113.674117,1,0.001238093358981
1970,1790,Peoria,170,1430,21,1430,PEORIA,Illinois,G1701430,Territory outline (No Population),385,0000,,,Territory outline (No Population),Northwest Territory,G3850000,1633978914.32179,711109632636.054,1633978914.32179,1,0.00229778762560802
1970,1790,Henry,170,0730,21,730,HENRY,Illinois,G1700730,Territory outline (No Population),385,0000,,,Territory outline (No Population),Northwest Territory,G3850000,2138275161.9635,711109632636.054,2138275161.9635,1,0.00300695569828945
1970,1790,Taylor,550,1190,25,1190,TAYLOR,Wisconsin,G5501190,Territory outline (No Population),385,0000,,,Territory outline (No Population),Northwest Territory,G3850000,2549792564.30865,711109632636.054,2549792564.30865,1,0.00358565324851061
1970,1790,Allen,180,0030,22,30,ALLEN,Indiana,G1800030,Territory outline (No Population),385,0000,,,Territory outline (No Population),Northwest Territory,G3850000,1709650750.72301,711109632636.054,1709650750.72301,1,0.00240420136679263
1970,1790,Clark,180,0190,22,190,CLARK,Indiana,G1800190,Territory outline (No Population),385,0000,,,Territory outline (No Population),Northwest Territory,G3850000,974356216.633682,711109632636.054,974356216.633682,1,0.00137019127841341
1970,1790,Meigs,390,1050,24,1050,MEIGS,Ohio,G3901050,Territory outline (No Population),385,0000,,,Territory outline (No Population),Northwest Territory,G3850000,1119849794.82121,711109632636.054,1119849794.82121,1,0.00157479204812621
1970,1790,Dickinson,260,0430,23,430,DICKINSON,Michigan,G2600430,Territory outline (No Population),385,0000,,,Territory outline (No Population),Northwest Territory,G3850000,2012670146.50345,711109632636.054,2012670146.50345,1,0.00283032327806131
1970,1790,Greene,390,0570,24,570,GREENE,Ohio,G3900570,Territory outline (No Population),385,0000,,,Territory outline (No Population),Northwest Territory,G3850000,1077986175.16393,711109632636.054,1077986175.16393,1,0.00151592121058447
1970,1790,Warren,170,1870,21,1870,WARREN,Illinois,G1701870,Territory outline (No Population),385,0000,,,Territory outline (No Population),Northwest Territory,G3850000,1406789243.40093,711109632636.054,1406789243.40093,1,0.00197830148663016
1970,1790,Lake,260,0850,23,850,LAKE,Michigan,G2600850,Territory outline (No Population),385,0000,,,Territory outline (No Population),Northwest Territory,G3850000,1488200780.50816,711109632636.054,1488200780.50816,1,0.00209278669871404
1970,1790,La Crosse,550,0630,25,630,LA CROSSE,Wisconsin,G5500630,Territory outline (No Population),385,0000,,,Territory outline (No Population),Northwest Territory,G3850000,1242958612.62087,711109632636.054,1242958612.62087,1,0.00174791418309617
1970,1790,Lake,270,0750,33,750,LAKE,Minnesota,G2700750,Territory outline (No Population),385,0000,,,Territory outline (No Population),Northwest Territory,G3850000,5925172560.02156,711109632636.054,5925172560.02156,1,0.00833229123624325
1970,1790,Union,180,1610,22,1610,UNION,Indiana,G1801610,Territory outline (No Population),385,0000,,,Territory outline (No Population),Northwest Territory,G3850000,427990419.167254,711109632636.054,427990419.167254,1,0.000601862778290192
1970,1790,Chippewa,260,0330,23,330,CHIPPEWA,Michigan,G2600330,Territory outline (No Population),385,0000,,,Territory outline (No Population),Northwest Territory,G3850000,4093445369.54107,711109632636.054,4093445369.54107,1,0.00575641951912089
1970,1790,Darke,390,0370,24,370,DARKE,Ohio,G3900370,Territory outline (No Population),385,0000,,,Territory outline (No Population),Northwest Territory,G3850000,1554733018.97756,711109632636.054,1554733018.97756,1,0.00218634785358514
1970,1790,Lorain,390,0930,24,930,LORAIN,Ohio,G3900930,Territory outline (No Population),385,0000,,,Territory outline (No Population),Northwest Territory,G3850000,1281184983.51497,711109632636.054,1281184983.51497,1,0.00180167012893028
1970,1790,Lenawee,260,0910,23,910,LENAWEE,Michigan,G2600910,Territory outline (No Population),385,0000,,,Territory outline (No Population),Northwest Territory,G3850000,1971779713.45169,711109632636.054,1971779713.45169,1,0.00277282098702894
1970,1790,Dubois,180,0370,22,370,DUBOIS,Indiana,G1800370,Territory outline (No Population),385,0000,,,Territory outline (No Population),Northwest Territory,G3850000,1127235897.57037,711109632636.054,1127235897.57037,1,0.00158517877671232
1970,1790,Chisago,270,0250,33,250,CHISAGO,Minnesota,G2700250,Territory outline (No Population),385,0000,,,Territory outline (No Population),Northwest Territory,G3850000,1146024109.92401,711109632636.054,1146024109.92401,1,0.00161159975526663
1970,1790,Gogebic,260,0530,23,530,GOGEBIC,Michigan,G2600530,Territory outline (No Population),385,0000,,,Territory outline (No Population),Northwest Territory,G3850000,2963036524.62394,711109632636.054,2963036524.62394,1,0.00416677877592529
1970,1790,Benton,270,0090,33,90,BENTON,Minnesota,G2700090,Territory outline (No Population),385,0000,,,Territory outline (No Population),Northwest Territory,G3850000,1069645289.14009,711109632636.054,1069645289.14009,1,0.0015041918152268
1970,1790,Carroll,170,0150,21,150,CARROLL,Illinois,G1700150,Territory outline (No Population),385,0000,,,Territory outline (No Population),Northwest Territory,G3850000,1206325449.57649,711109632636.054,1206325449.57649,1,0.00169639869045887
1970,1790,Warren,180,1710,22,1710,WARREN,Indiana,G1801710,Territory outline (No Population),385,0000,,,Territory outline (No Population),Northwest Territory,G3850000,949485525.240713,711109632636.054,949485525.240713,1,0.0013352167959264
1970,1790,Johnson,180,0810,22,810,JOHNSON,Indiana,G1800810,Territory outline (No Population),385,0000,,,Territory outline (No Population),Northwest Territory,G3850000,832827379.738798,711109632636.054,832827379.738798,1,0.00117116593773528
1970,1790,Crow Wing,270,0350,33,350,CROW WING,Minnesota,G2700350,Territory outline (No Population),385,0000,,,Territory outline (No Population),Northwest Territory,G3850000,2994797940.6768,711109632636.054,1423302993.91688,0.475258438836519,0.00200152399657526
1970,1790,Pope,170,1510,21,1510,POPE,Illinois,G1701510,Territory outline (No Population),385,0000,,,Territory outline (No Population),Northwest Territory,G3850000,970308614.266694,711109632636.054,970308614.266694,1,0.00136449932575066
1970,1790,Alcona,260,0010,23,10,ALCONA,Michigan,G2600010,Territory outline (No Population),385,0000,,,Territory outline (No Population),Northwest Territory,G3850000,1798564578.37641,711109632636.054,1798564578.37641,1,0.00252923669689187
1970,1790,St. Louis,270,1370,33,1370,ST LOUIS,Minnesota,G2701370,Territory outline (No Population),385,0000,,,Territory outline (No Population),Northwest Territory,G3850000,17443270629.5481,711109632636.054,17443270629.5481,1,0.024529650322534
1970,1790,Marion,390,1010,24,1010,MARION,Ohio,G3901010,Territory outline (No Population),385,0000,,,Territory outline (No Population),Northwest Territory,G3850000,1046728542.22686,711109632636.054,1046728542.22686,1,0.00147196507287728
1970,1790,Morgan,390,1150,24,1150,MORGAN,Ohio,G3901150,Territory outline (No Population),385,0000,,,Territory outline (No Population),Northwest Territory,G3850000,1092607747.73718,711109632636.054,1092607747.73718,1,0.00153648283976541
1970,1790,Jefferson,180,0770,22,770,JEFFERSON,Indiana,G1800770,Territory outline (No Population),385,0000,,,Territory outline (No Population),Northwest Territory,G3850000,940013206.056993,711109632636.054,940013206.056993,1,0.00132189631937962
1970,1790,Kenosha,550,0590,25,590,KENOSHA,Wisconsin,G5500590,Territory outline (No Population),385,0000,,,Territory outline (No Population),Northwest Territory,G3850000,723000612.83391,711109632636.054,723000612.83391,1,0.00101672172566947
1970,1790,Gratiot,260,0570,23,570,GRATIOT,Michigan,G2600570,Territory outline (No Population),385,0000,,,Territory outline (No Population),Northwest Territory,G3850000,1480443054.16964,711109632636.054,1480443054.16964,1,0.00208187737336885
1970,1790,Geauga,390,0550,24,550,GEAUGA,Ohio,G3900550,Territory outline (No Population),385,0000,,,Territory outline (No Population),Northwest Territory,G3850000,1056822804.54036,711109632636.054,1056822804.54036,1,0.00148616015876871
1970,1790,Winnebago,170,2010,21,2010,WINNEBAGO,Illinois,G1702010,Territory outline (No Population),385,0000,,,Territory outline (No Population),Northwest Territory,G3850000,1344905415.34434,711109632636.054,1344905415.34434,1,0.00189127717249284
1970,1790,Washington,550,1310,25,1310,WASHINGTON,Wisconsin,G5501310,Territory outline (No Population),385,0000,,,Territory outline (No Population),Northwest Territory,G3850000,1128928354.16651,711109632636.054,1128928354.16651,1,0.00158755879874896
1970,1790,Oneida,550,0850,25,850,ONEIDA,Wisconsin,G5500850,Territory outline (No Population),385,0000,,,Territory outline (No Population),Northwest Territory,G3850000,3200872618.21,711109632636.054,3200872618.21,1,0.00450123647790355
1970,1790,Lawrence,180,0930,22,930,LAWRENCE,Indiana,G1800930,Territory outline (No Population),385,0000,,,Territory outline (No Population),Northwest Territory,G3850000,1170858860.3288,711109632636.054,1170858860.3288,1,0.00164652369563392
1970,1790,Cumberland,170,0350,21,350,CUMBERLAND,Illinois,G1700350,Territory outline (No Population),385,0000,,,Territory outline (No Population),Northwest Territory,G3850000,898716933.0803,711109632636.054,898716933.0803,1,0.00126382331476624
1970,1790,Coles,170,0290,21,290,COLES,Illinois,G1700290,Territory outline (No Population),385,0000,,,Territory outline (No Population),Northwest Territory,G3850000,1321066570.56654,711109632636.054,1321066570.56654,1,0.00185775372732529
1970,1790,De Kalb,180,0330,22,330,DE KALB,Indiana,G1800330,Territory outline (No Population),385,0000,,,Territory outline (No Population),Northwest Territory,G3850000,942345732.212729,711109632636.054,942345732.212729,1,0.00132517644110584
1970,1790,Athens,390,0090,24,90,ATHENS,Ohio,G3900090,Territory outline (No Population),385,0000,,,Territory outline (No Population),Northwest Territory,G3850000,1317105093.92626,711109632636.054,1317105093.92626,1,0.00185218288921753
1970,1790,Whitley,180,1830,22,1830,WHITLEY,Indiana,G1801830,Territory outline (No Population),385,0000,,,Territory outline (No Population),Northwest Territory,G3850000,875153518.439898,711109632636.054,875153518.439898,1,0.00123068719403468
1970,1790,Franklin,390,0490,24,490,FRANKLIN,Ohio,G3900490,Territory outline (No Population),385,0000,,,Territory outline (No Population),Northwest Territory,G3850000,1407204726.06674,711109632636.054,1407204726.06674,1,0.00197888576034371
1970,1790,Houghton,260,0610,23,610,HOUGHTON,Michigan,G2600610,Territory outline (No Population),385,0000,,,Territory outline (No Population),Northwest Territory,G3850000,2697782603.2747,711109632636.054,2697782603.2747,1,0.00379376467349223
1970,1790,Hocking,390,0730,24,730,HOCKING,Ohio,G3900730,Territory outline (No Population),385,0000,,,Territory outline (No Population),Northwest Territory,G3850000,1097116734.57015,711109632636.054,1097116734.57015,1,0.00154282361568241
1970,1790,Rock Island,170,1610,21,1610,ROCK ISLAND,Illinois,G1701610,Territory outline (No Population),385,0000,,,Territory outline (No Population),Northwest Territory,G3850000,1168485044.79096,711109632636.054,1168485044.79096,1,0.0016431855105934
1970,1790,Knox,180,0830,22,830,KNOX,Indiana,G1800830,Territory outline (No Population),385,0000,,,Territory outline (No Population),Northwest Territory,G3850000,1357299140.38093,711109632636.054,1357299140.38093,1,0.00190870588456168
1970,1790,Clark,390,0230,24,230,CLARK,Ohio,G3900230,Territory outline (No Population),385,0000,,,Territory outline (No Population),Northwest Territory,G3850000,1045823430.70591,711109632636.054,1045823430.70591,1,0.00147069225715462
1970,1790,Bayfield,550,0070,25,70,BAYFIELD/LA POINT,Wisconsin,G5500070,Territory outline (No Population),385,0000,,,Territory outline (No Population),Northwest Territory,G3850000,3913689243.5393,711109632636.054,3913689243.5393,1,0.00550363694136925
1970,1790,Lincoln,550,0690,25,690,LINCOLN,Wisconsin,G5500690,Territory outline (No Population),385,0000,,,Territory outline (No Population),Northwest Territory,G3850000,2349210852.9031,711109632636.054,2349210852.9031,1,0.00330358463039611
1970,1790,De Witt,170,0390,21,390,DE WITT,Illinois,G1700390,Territory outline (No Population),385,0000,,,Territory outline (No Population),Northwest Territory,G3850000,1049341977.57149,711109632636.054,1049341977.57149,1,0.00147564022397169
1970,1790,Beltrami,270,0070,33,70,BELTRAMI,Minnesota,G2700070,Territory outline (No Population),385,0000,,,Territory outline (No Population),Northwest Territory,G3850000,7913949777.43459,711109632636.054,1971671073.32403,0.249138689121575,0.00277266821153178
1970,1790,Marshall,180,0990,22,990,MARSHALL,Indiana,G1800990,Territory outline (No Population),385,0000,,,Territory outline (No Population),Northwest Territory,G3850000,1165292510.30096,711109632636.054,1165292510.30096,1,0.00163869599963267
1970,1790,Calumet,550,0150,25,150,CALUMET,Wisconsin,G5500150,Territory outline (No Population),385,0000,,,Territory outline (No Population),Northwest Territory,G3850000,1028280595.39296,711109632636.054,1028280595.39296,1,0.00144602259370495
1970,1790,Edwards,170,0470,21,470,EDWARDS,Illinois,G1700470,Territory outline (No Population),385,0000,,,Territory outline (No Population),Northwest Territory,G3850000,576677140.658726,711109632636.054,576677140.658726,1,0.000810953915110117
1970,1790,Logan,390,0910,24,910,LOGAN,Ohio,G3900910,Territory outline (No Population),385,0000,,,Territory outline (No Population),Northwest Territory,G3850000,1208942050.661,711109632636.054,1208942050.661,1,0.00170007829338425
1970,1790,Whiteside,170,1950,21,1950,WHITESIDE,Illinois,G1701950,Territory outline (No Population),385,0000,,,Territory outline (No Population),Northwest Territory,G3850000,1805242919.5981,711109632636.054,1805242919.5981,1,0.00253862813376066
1970,1790,Oscoda,260,1350,23,1350,OSCODA,Michigan,G2601350,Territory outline (No Population),385,0000,,,Territory outline (No Population),Northwest Territory,G3850000,1480345646.83757,711109632636.054,1480345646.83757,1,0.00208174039402334
1970,1790,Forest,550,0410,25,410,FOREST,Wisconsin,G5500410,Territory outline (No Population),385,0000,,,Territory outline (No Population),Northwest Territory,G3850000,2710112469.31522,711109632636.054,2710112469.31522,1,0.00381110358366113
1970,1790,Fayette,170,0510,21,510,FAYETTE,Illinois,G1700510,Territory outline (No Population),385,0000,,,Territory outline (No Population),Northwest Territory,G3850000,1878666787.30133,711109632636.054,1878666787.30133,1,0.00264188066239123
1970,1790,Licking,390,0890,24,890,LICKING,Ohio,G3900890,Territory outline (No Population),385,0000,,,Territory outline (No Population),Northwest Territory,G3850000,1782893869.45521,711109632636.054,1782893869.45521,1,0.00250719971665422
1970,1790,Cass,260,0270,23,270,CASS,Michigan,G2600270,Territory outline (No Population),385,0000,,,Territory outline (No Population),Northwest Territory,G3850000,1316907583.20074,711109632636.054,1316907583.20074,1,0.00185190513918229
1970,1790,Gladwin,260,0510,23,510,GLADWIN,Michigan,G2600510,Territory outline (No Population),385,0000,,,Territory outline (No Population),Northwest Territory,G3850000,1337534774.21996,711109632636.054,1337534774.21996,1,0.00188091218686179
1970,1790,Waupaca,550,1350,25,1350,WAUPACA,Wisconsin,G5501350,Territory outline (No Population),385,0000,,,Territory outline (No Population),Northwest Territory,G3850000,1982103802.1699,711109632636.054,1982103802.1699,1,0.00278733926697396
1970,1790,Schuyler,170,1690,21,1690,SCHUYLER,Illinois,G1701690,Territory outline (No Population),385,0000,,,Territory outline (No Population),Northwest Territory,G3850000,1143178989.22079,711109632636.054,1143178989.22079,1,0.00160759879595931
1970,1790,Iosco,260,0690,23,690,IOSCO,Michigan,G2600690,Territory outline (No Population),385,0000,,,Territory outline (No Population),Northwest Territory,G3850000,1466992078.20578,711109632636.054,1466992078.20578,1,0.00206296189909241
1970,1790,Richland,390,1390,24,1390,RICHLAND,Ohio,G3901390,Territory outline (No Population),385,0000,,,Territory outline (No Population),Northwest Territory,G3850000,1295837668.38156,711109632636.054,1295837668.38156,1,0.00182227550986469
1970,1790,Washtenaw,260,1610,23,1610,WASHTENAW,Michigan,G2601610,Territory outline (No Population),385,0000,,,Territory outline (No Population),Northwest Territory,G3850000,1871321245.25806,711109632636.054,1871321245.25806,1,0.00263155097241638
1970,1790,Laporte,180,0910,22,910,LA PORTE,Indiana,G1800910,Territory outline (No Population),385,0000,,,Territory outline (No Population),Northwest Territory,G3850000,1563353212.82057,711109632636.054,1563353212.82057,1,0.00219847002638016
1970,1790,Shelby,170,1730,21,1730,SHELBY,Illinois,G1701730,Territory outline (No Population),385,0000,,,Territory outline (No Population),Northwest Territory,G3850000,1989244480.60345,711109632636.054,1989244480.60345,1,0.00279738086689868
1970,1790,Sullivan,180,1530,22,1530,SULLIVAN,Indiana,G1801530,Territory outline (No Population),385,0000,,,Territory outline (No Population),Northwest Territory,G3850000,1175962883.55021,711109632636.054,1175962883.55021,1,0.00165370124321192
1970,1790,Perry,180,1230,22,1230,PERRY,Indiana,G1801230,Territory outline (No Population),385,0000,,,Territory outline (No Population),Northwest Territory,G3850000,1000619607.70686,711109632636.054,1000619607.70686,1,0.0014071242488976
1970,1790,Clinton,260,0370,23,370,CLINTON,Michigan,G2600370,Territory outline (No Population),385,0000,,,Territory outline (No Population),Northwest Territory,G3850000,1488125435.58803,711109632636.054,1488125435.58803,1,0.00209268074469982
1970,1790,Monroe,170,1330,21,1330,MONROE,Illinois,G1701330,Territory outline (No Population),385,0000,,,Territory outline (No Population),Northwest Territory,G3850000,1030064772.9369,711109632636.054,1030064772.9369,1,0.0014485315985926
1970,1790,Roscommon,260,1430,23,1430,ROSCOMMON,Michigan,G2601430,Territory outline (No Population),385,0000,,,Territory outline (No Population),Northwest Territory,G3850000,1501772333.3522,711109632636.054,1501772333.3522,1,0.00211187173458077
1970,1790,Door,550,0290,25,290,DOOR,Wisconsin,G5500290,Territory outline (No Population),385,0000,,,Territory outline (No Population),Northwest Territory,G3850000,1264226039.61352,711109632636.054,1264226039.61352,1,0.00177782156448519
1970,1790,Scott,180,1430,22,1430,SCOTT,Indiana,G1801430,Territory outline (No Population),385,0000,,,Territory outline (No Population),Northwest Territory,G3850000,499167784.483876,711109632636.054,499167784.483876,1,0.000701956156371389
1970,1790,Alexander,170,0030,21,30,ALEXANDER,Illinois,G1700030,Territory outline (No Population),385,0000,,,Territory outline (No Population),Northwest Territory,G3850000,654079734.582188,711109632636.054,654079734.582188,1,0.000919801539120685
1970,1790,St Clair,170,1630,21,1630,ST CLAIR,Illinois,G1701630,Territory outline (No Population),385,0000,,,Territory outline (No Population),Northwest Territory,G3850000,1745535249.73574,711109632636.054,1745535249.73574,1,0.00245466404844653
1970,1790,Midland,260,1110,23,1110,MIDLAND,Michigan,G2601110,Territory outline (No Population),385,0000,,,Territory outline (No Population),Northwest Territory,G3850000,1367212796.55391,711109632636.054,1367212796.55391,1,0.00192264699253997
1970,1790,Pike,180,1250,22,1250,PIKE,Indiana,G1801250,Territory outline (No Population),385,0000,,,Territory outline (No Population),Northwest Territory,G3850000,883400324.320082,711109632636.054,883400324.320082,1,0.00124228428891527
1970,1790,Summit,390,1530,24,1530,SUMMIT,Ohio,G3901530,Territory outline (No Population),385,0000,,,Territory outline (No Population),Northwest Territory,G3850000,1087953131.14536,711109632636.054,1087953131.14536,1,0.00152993727157423
1970,1790,Ogemaw,260,1290,23,1290,OGEMAW,Michigan,G2601290,Territory outline (No Population),385,0000,,,Territory outline (No Population),Northwest Territory,G3850000,1488269053.10337,711109632636.054,1488269053.10337,1,0.00209288270725066
1970,1790,Mercer,390,1070,24,1070,MERCER,Ohio,G3901070,Territory outline (No Population),385,0000,,,Territory outline (No Population),Northwest Territory,G3850000,1225821348.40782,711109632636.054,1225821348.40782,1,0.00172381485519153
1970,1790,Richland,170,1590,21,1590,RICHLAND,Illinois,G1701590,Territory outline (No Population),385,0000,,,Territory outline (No Population),Northwest Territory,G3850000,937602300.781428,711109632636.054,937602300.781428,1,0.00131850597678698
1970,1790,Marinette,550,0750,25,750,MARINETTE,Wisconsin,G5500750,Territory outline (No Population),385,0000,,,Territory outline (No Population),Northwest Territory,G3850000,3702139634.86394,711109632636.054,3702139634.86394,1,0.00520614468565171
1970,1790,Madison,180,0950,22,950,MADISON,Indiana,G1800950,Territory outline (No Population),385,0000,,,Territory outline (No Population),Northwest Territory,G3850000,1173030603.41178,711109632636.054,1173030603.41178,1,0.001649577715694
1970,1790,Allegan,260,0050,23,50,ALLEGAN,Michigan,G2600050,Territory outline (No Population),385,0000,,,Territory outline (No Population),Northwest Territory,G3850000,2182891603.2296,711109632636.054,2182891603.2296,1,0.00306969769926714
1970,1790,Mecosta,260,1070,23,1070,MECOSTA,Michigan,G2601070,Territory outline (No Population),385,0000,,,Territory outline (No Population),Northwest Territory,G3850000,1479136686.08919,711109632636.054,1479136686.08919,1,0.00208004028943624
1970,1790,Randolph,170,1570,21,1570,RANDOLPH,Illinois,G1701570,Territory outline (No Population),385,0000,,,Territory outline (No Population),Northwest Territory,G3850000,1546893693.48901,711109632636.054,1546893693.48901,1,0.00217532377919665
1970,1790,Huron,260,0630,23,630,HURON,Michigan,G2600630,Territory outline (No Population),385,0000,,,Territory outline (No Population),Northwest Territory,G3850000,2172526480.09,711109632636.054,2172526480.09,1,0.00305512171454707
1970,1790,Hillsdale,260,0590,23,590,HILLSDALE,Michigan,G2600590,Territory outline (No Population),385,0000,,,Territory outline (No Population),Northwest Territory,G3850000,1572476045.97444,711109632636.054,1572476045.97444,1,0.00221129903717565
1970,1790,Muskegon,260,1210,23,1210,MUSKEGON,Michigan,G2601210,Territory outline (No Population),385,0000,,,Territory outline (No Population),Northwest Territory,G3850000,1365427884.48493,711109632636.054,1365427884.48493,1,0.00192013695472433
1970,1790,Juneau,550,0570,25,570,JUNEAU,Wisconsin,G5500570,Territory outline (No Population),385,0000,,,Territory outline (No Population),Northwest Territory,G3850000,2082672513.39132,711109632636.054,2082672513.39132,1,0.00292876431116668
1970,1790,Grant,550,0430,25,430,GRANT,Wisconsin,G5500430,Territory outline (No Population),385,0000,,,Territory outline (No Population),Northwest Territory,G3850000,3064721499.93213,711109632636.054,3064721499.93213,1,0.0043097735697537
1970,1790,Columbiana,390,0290,24,290,COLUMBIANA,Ohio,G3900290,Territory outline (No Population),385,0000,,,Territory outline (No Population),Northwest Territory,G3850000,1386112708.75397,711109632636.054,1386112708.75397,1,0.00194922504932989
1970,1790,Branch,260,0230,23,230,BRANCH,Michigan,G2600230,Territory outline (No Population),385,0000,,,Territory outline (No Population),Northwest Territory,G3850000,1345464461.92119,711109632636.054,1345464461.92119,1,0.00189206333337604
1970,1790,Christian,170,0210,21,210,CHRISTIAN,Illinois,G1700210,Territory outline (No Population),385,0000,,,Territory outline (No Population),Northwest Territory,G3850000,1853689277.4431,711109632636.054,1853689277.4431,1,0.00260675596612515
1970,1790,Lake,180,0890,22,890,LAKE,Indiana,G1800890,Territory outline (No Population),385,0000,,,Territory outline (No Population),Northwest Territory,G3850000,1299934447.51289,711109632636.054,1299934447.51289,1,0.00182803661749608
1970,1790,Cass,170,0170,21,170,CASS,Illinois,G1700170,Territory outline (No Population),385,0000,,,Territory outline (No Population),Northwest Territory,G3850000,993857856.718942,711109632636.054,993857856.718942,1,0.00139761551680119
1970,1790,Sheboygan,550,1170,25,1170,SHEBOYGAN,Wisconsin,G5501170,Territory outline (No Population),385,0000,,,Territory outline (No Population),Northwest Territory,G3850000,1340637542.70964,711109632636.054,1340637542.70964,1,0.0018852754641221
1970,1790,Fayette,180,0410,22,410,FAYETTE,Indiana,G1800410,Territory outline (No Population),385,0000,,,Territory outline (No Population),Northwest Territory,G3850000,557163357.329498,711109632636.054,557163357.329498,1,0.000783512600250001
1970,1790,Ripley,180,1370,22,1370,RIPLEY,Indiana,G1801370,Territory outline (No Population),385,0000,,,Territory outline (No Population),Northwest Territory,G3850000,1160092126.65501,711109632636.054,1160092126.65501,1,0.00163138294492595
1970,1790,Macomb,260,0990,23,990,MACOMB,Michigan,G2600990,Territory outline (No Population),385,0000,,,Territory outline (No Population),Northwest Territory,G3850000,1250599394.28435,711109632636.054,1250599394.28435,1,0.00175865905465016
1970,1790,Wabash,170,1850,21,1850,WABASH,Illinois,G1701850,Territory outline (No Population),385,0000,,,Territory outline (No Population),Northwest Territory,G3850000,589903383.489793,711109632636.054,589903383.489793,1,0.00082955335776151
1970,1790,Pulaski,180,1310,22,1310,PULASKI,Indiana,G1801310,Territory outline (No Population),385,0000,,,Territory outline (No Population),Northwest Territory,G3850000,1125526061.72005,711109632636.054,1125526061.72005,1,0.00158277431504868
1970,1790,Montcalm,260,1170,23,1170,MONTCALM,Michigan,G2601170,Territory outline (No Population),385,0000,,,Territory outline (No Population),Northwest Territory,G3850000,1867320809.41925,711109632636.054,1867320809.41925,1,0.00262592534782178
1970,1790,Adams,390,0010,24,10,ADAMS,Ohio,G3900010,Territory outline (No Population),385,0000,,,Territory outline (No Population),Northwest Territory,G3850000,1517177965.14882,711109632636.054,1517177965.14882,1,0.00213353594933696
1970,1790,Walworth,550,1270,25,1270,WALWORTH,Wisconsin,G5501270,Territory outline (No Population),385,0000,,,Territory outline (No Population),Northwest Territory,G3850000,1493125855.52053,711109632636.054,1493125855.52053,1,0.00209971259984985
1970,1790,Parke,180,1210,22,1210,PARKE,Indiana,G1801210,Territory outline (No Population),385,0000,,,Territory outline (No Population),Northwest Territory,G3850000,1165739800.44155,711109632636.054,1165739800.44155,1,0.00163932500270064
1970,1790,Wayne,260,1630,23,1630,WAYNE,Michigan,G2601630,Territory outline (No Population),385,0000,,,Territory outline (No Population),Northwest Territory,G3850000,1599679045.82483,711109632636.054,1599679045.82483,1,0.00224955333524998
1970,1790,Knox,390,0830,24,830,KNOX,Ohio,G3900830,Territory outline (No Population),385,0000,,,Territory outline (No Population),Northwest Territory,G3850000,1371479176.60849,711109632636.054,1371479176.60849,1,0.00192864660196554
1970,1790,De Kalb,170,0370,21,370,DE KALB,Illinois,G1700370,Territory outline (No Population),385,0000,,,Territory outline (No Population),Northwest Territory,G3850000,1644551395.12291,711109632636.054,1644551395.12291,1,0.00231265520764587
1970,1790,Oceana,260,1270,23,1270,OCEANA,Michigan,G2601270,Territory outline (No Population),385,0000,,,Territory outline (No Population),Northwest Territory,G3850000,1415603760.27229,711109632636.054,1415603760.27229,1,0.00199069692675193
1970,1790,Massac,170,1270,21,1270,MASSAC,Illinois,G1701270,Territory outline (No Population),385,0000,,,Territory outline (No Population),Northwest Territory,G3850000,627084712.714178,711109632636.054,627084712.714178,1,0.000881839710692148
1970,1790,Posey,180,1290,22,1290,POSEY,Indiana,G1801290,Territory outline (No Population),385,0000,,,Territory outline (No Population),Northwest Territory,G3850000,1086367701.09389,711109632636.054,1086367701.09389,1,0.00152770775592895
1970,1790,Tazewell,170,1790,21,1790,TAZEWELL,Illinois,G1701790,Territory outline (No Population),385,0000,,,Territory outline (No Population),Northwest Territory,G3850000,1703928279.71163,711109632636.054,1703928279.71163,1,0.00239615412520182
1970,1790,Vermillion,180,1650,22,1650,VERMILLION,Indiana,G1801650,Territory outline (No Population),385,0000,,,Territory outline (No Population),Northwest Territory,G3850000,673232369.306037,711109632636.054,673232369.306037,1,0.00094673498769858
1970,1790,Franklin,180,0470,22,470,FRANKLIN,Indiana,G1800470,Territory outline (No Population),385,0000,,,Territory outline (No Population),Northwest Territory,G3850000,1013553042.80086,711109632636.054,1013553042.80086,1,0.00142531192981265
1970,1790,Tuscarawas,390,1570,24,1570,TUSCARAWAS,Ohio,G3901570,Territory outline (No Population),385,0000,,,Territory outline (No Population),Northwest Territory,G3850000,1480132477.63819,711109632636.054,1480132477.63819,1,0.00208144062421346
1970,1790,Martin,180,1010,22,1010,MARTIN,Indiana,G1801010,Territory outline (No Population),385,0000,,,Territory outline (No Population),Northwest Territory,G3850000,881964454.069085,711109632636.054,881964454.069085,1,0.00124026509217669
1970,1790,Stark,390,1510,24,1510,STARK,Ohio,G3901510,Territory outline (No Population),385,0000,,,Territory outline (No Population),Northwest Territory,G3850000,1504545264.07619,711109632636.054,1504545264.07619,1,0.00211577117651873
1970,1790,Brown,550,0090,25,90,BROWN,Wisconsin,G5500090,Territory outline (No Population),385,0000,,,Territory outline (No Population),Northwest Territory,G3850000,1384737954.76175,711109632636.054,1384737954.76175,1,0.00194729179750889
1970,1790,Effingham,170,0490,21,490,EFFINGHAM,Illinois,G1700490,Territory outline (No Population),385,0000,,,Territory outline (No Population),Northwest Territory,G3850000,1242941414.63156,711109632636.054,1242941414.63156,1,0.00174788999837343
1970,1790,Anoka,270,0030,33,30,ANOKA,Minnesota,G2700030,Territory outline (No Population),385,0000,,,Territory outline (No Population),Northwest Territory,G3850000,1155781018.56443,711109632636.054,1155781018.56443,1,0.00162532043656896
1970,1790,Genesee,260,0490,23,490,GENESEE,Michigan,G2600490,Territory outline (No Population),385,0000,,,Territory outline (No Population),Northwest Territory,G3850000,1681776589.7502,711109632636.054,1681776589.7502,1,0.00236500324642759
1970,1790,Jackson,260,0750,23,750,JACKSON,Michigan,G2600750,Territory outline (No Population),385,0000,,,Territory outline (No Population),Northwest Territory,G3850000,1874527760.55779,711109632636.054,1874527760.55779,1,0.00263606014393167
1970,1790,Livingston,170,1050,21,1050,LIVINGSTON,Illinois,G1701050,Territory outline (No Population),385,0000,,,Territory outline (No Population),Northwest Territory,G3850000,2707645717.55251,711109632636.054,2707645717.55251,1,0.00380763470678266
1970,1790,Lawrence,170,1010,21,1010,LAWRENCE,Illinois,G1701010,Territory outline (No Population),385,0000,,,Territory outline (No Population),Northwest Territory,G3850000,968510164.878551,711109632636.054,968510164.878551,1,0.00136197025104037
1970,1790,Harrison,180,0610,22,610,HARRISON,Indiana,G1800610,Territory outline (No Population),385,0000,,,Territory outline (No Population),Northwest Territory,G3850000,1261010350.45094,711109632636.054,1261010350.45094,1,0.00177329949219844
1970,1790,Wayne,180,1770,22,1770,WAYNE,Indiana,G1801770,Territory outline (No Population),385,0000,,,Territory outline (No Population),Northwest Territory,G3850000,1047242832.51245,711109632636.054,1047242832.51245,1,0.00147268829509504
1970,1790,Brown,390,0150,24,150,BROWN,Ohio,G3900150,Territory outline (No Population),385,0000,,,Territory outline (No Population),Northwest Territory,G3850000,1282605208.04836,711109632636.054,1282605208.04836,1,0.00180366732383275
1970,1790,Hamilton,180,0570,22,570,HAMILTON,Indiana,G1800570,Territory outline (No Population),385,0000,,,Territory outline (No Population),Northwest Territory,G3850000,1043057405.04715,711109632636.054,1043057405.04715,1,0.00146680252548483
1970,1790,Portage,390,1330,24,1330,PORTAGE,Ohio,G3901330,Territory outline (No Population),385,0000,,,Territory outline (No Population),Northwest Territory,G3850000,1313393857.90423,711109632636.054,1313393857.90423,1,0.00184696395271083
1970,1790,Blackford,180,0090,22,90,BLACKFORD,Indiana,G1800090,Territory outline (No Population),385,0000,,,Territory outline (No Population),Northwest Territory,G3850000,428387856.532185,711109632636.054,428387856.532185,1,0.000602421675746634
1970,1790,Vanderburgh,180,1630,22,1630,VANDERBURGH,Indiana,G1801630,Territory outline (No Population),385,0000,,,Territory outline (No Population),Northwest Territory,G3850000,610555268.902167,711109632636.054,610555268.902167,1,0.000858595132003575
1970,1790,Kalamazoo,260,0770,23,770,KALAMAZOO,Michigan,G2600770,Territory outline (No Population),385,0000,,,Territory outline (No Population),Northwest Territory,G3850000,1502648419.08475,711109632636.054,1502648419.08475,1,0.00211310373270363
1970,1790,Ogle,170,1410,21,1410,OGLE,Illinois,G1701410,Territory outline (No Population),385,0000,,,Territory outline (No Population),Northwest Territory,G3850000,1976839903.62399,711109632636.054,1976839903.62399,1,0.00277993689425346
1970,1790,Carlton,270,0170,33,170,CARLTON,Minnesota,G2700170,Territory outline (No Population),385,0000,,,Territory outline (No Population),Northwest Territory,G3850000,2266807902.73105,711109632636.054,2266807902.73105,1,0.00318770524079119
1970,1790,Bond,170,0050,21,50,BOND,Illinois,G1700050,Territory outline (No Population),385,0000,,,Territory outline (No Population),Northwest Territory,G3850000,991100829.998175,711109632636.054,991100829.998175,1,0.00139373843991426
1970,1790,Isabella,260,0730,23,730,ISABELLA,Michigan,G2600730,Territory outline (No Population),385,0000,,,Territory outline (No Population),Northwest Territory,G3850000,1496348513.7088,711109632636.054,1496348513.7088,1,0.00210424447234936
1970,1790,Benzie,260,0190,23,190,BENZIE,Michigan,G2600190,Territory outline (No Population),385,0000,,,Territory outline (No Population),Northwest Territory,G3850000,900305032.515684,711109632636.054,900305032.515684,1,0.00126605658424045
1970,1790,Erie,390,0430,24,430,ERIE,Ohio,G3900430,Territory outline (No Population),385,0000,,,Territory outline (No Population),Northwest Territory,G3850000,664532327.321558,711109632636.054,664532327.321558,1,0.000934500528221174
1970,1790,Butler,390,0170,24,170,BUTLER,Ohio,G3900170,Territory outline (No Population),385,0000,,,Territory outline (No Population),Northwest Territory,G3850000,1217812873.85226,711109632636.054,1217812873.85226,1,0.00171255291443301
1970,1790,Pepin,550,0910,25,910,PEPIN,Wisconsin,G5500910,Territory outline (No Population),385,0000,,,Territory outline (No Population),Northwest Territory,G3850000,644076026.341325,711109632636.054,644076026.341325,1,0.000905733795158647
1970,1790,Madison,390,0970,24,970,MADISON,Ohio,G3900970,Territory outline (No Population),385,0000,,,Territory outline (No Population),Northwest Territory,G3850000,1206780847.11698,711109632636.054,1206780847.11698,1,0.00169703909458164
1970,1790,Crawford,180,0250,22,250,CRAWFORD,Indiana,G1800250,Territory outline (No Population),385,0000,,,Territory outline (No Population),Northwest Territory,G3850000,799915431.360022,711109632636.054,799915431.360022,1,0.00112488341410138
1970,1790,Wayne,390,1690,24,1690,WAYNE,Ohio,G3901690,Territory outline (No Population),385,0000,,,Territory outline (No Population),Northwest Territory,G3850000,1440838439.50885,711109632636.054,1440838439.50885,1,0.00202618326820819
1970,1790,Crawford,550,0230,25,230,CRAWFORD,Wisconsin,G5500230,Territory outline (No Population),385,0000,,,Territory outline (No Population),Northwest Territory,G3850000,1551958527.28947,711109632636.054,1551958527.28947,1,0.00218244621653686
1970,1790,Noble,180,1130,22,1130,NOBLE,Indiana,G1801130,Territory outline (No Population),385,0000,,,Territory outline (No Population),Northwest Territory,G3850000,1081600959.05258,711109632636.054,1081600959.05258,1,0.00152100451099661
1970,1790,Iroquois,170,0750,21,750,IROQUOIS,Illinois,G1700750,Territory outline (No Population),385,0000,,,Territory outline (No Population),Northwest Territory,G3850000,2895670550.35402,711109632636.054,2895670550.35402,1,0.00407204517764706
1970,1790,Putnam,170,1550,21,1550,PUTNAM,Illinois,G1701550,Territory outline (No Population),385,0000,,,Territory outline (No Population),Northwest Territory,G3850000,446101856.945407,711109632636.054,446101856.945407,1,0.000627332040619004
1970,1790,Washington,180,1750,22,1750,WASHINGTON,Indiana,G1801750,Territory outline (No Population),385,0000,,,Territory outline (No Population),Northwest Territory,G3850000,1337810646.49266,711109632636.054,1337810646.49266,1,0.00188130013305185
1970,1790,Jo Daviess,170,0850,21,850,JO DAVIESS,Illinois,G1700850,Territory outline (No Population),385,0000,,,Territory outline (No Population),Northwest Territory,G3850000,1602448487.59408,711109632636.054,1602448487.59408,1,0.00225344787083515
1970,1790,Macon,170,1150,21,1150,MACON,Illinois,G1701150,Territory outline (No Population),385,0000,,,Territory outline (No Population),Northwest Territory,G3850000,1516119599.83192,711109632636.054,1516119599.83192,1,0.00213204762001567
1970,1790,Hamilton,390,0610,24,610,HAMILTON,Ohio,G3900610,Territory outline (No Population),385,0000,,,Territory outline (No Population),Northwest Territory,G3850000,1069105643.0888,711109632636.054,1069105643.0888,1,0.00150343293638939
1970,1790,Menominee,550,0780,25,780,MENOMINEE,Wisconsin,G5500780,Territory outline (No Population),385,0000,,,Territory outline (No Population),Northwest Territory,G3850000,945289916.672647,711109632636.054,945289916.672647,1,0.00132931670911065
1970,1790,Washburn,550,1290,25,1290,WASHBURN,Wisconsin,G5501290,Territory outline (No Population),385,0000,,,Territory outline (No Population),Northwest Territory,G3850000,2209365154.62215,711109632636.054,2209365154.62215,1,0.00310692620831491
1970,1790,Charlevoix,260,0290,23,290,CHARLEVOIX,Michigan,G2600290,Territory outline (No Population),385,0000,,,Territory outline (No Population),Northwest Territory,G3850000,1174868495.97825,711109632636.054,1174868495.97825,1,0.00165216225748913
1970,1790,Calhoun,170,0130,21,130,CALHOUN,Illinois,G1700130,Territory outline (No Population),385,0000,,,Territory outline (No Population),Northwest Territory,G3850000,734742928.707031,711109632636.054,734742928.707031,1,0.00103323439169762
1970,1790,Monroe,550,0810,25,810,MONROE,Wisconsin,G5500810,Territory outline (No Population),385,0000,,,Territory outline (No Population),Northwest Territory,G3850000,2352424928.34435,711109632636.054,2352424928.34435,1,0.00330810443338253
1970,1790,Ross,390,1410,24,1410,ROSS,Ohio,G3901410,Territory outline (No Population),385,0000,,,Territory outline (No Population),Northwest Territory,G3850000,1794758256.88968,711109632636.054,1794758256.88968,1,0.00252388404617244
1970,1790,Fountain,180,0450,22,450,FOUNTAIN,Indiana,G1800450,Territory outline (No Population),385,0000,,,Territory outline (No Population),Northwest Territory,G3850000,1030600053.70171,711109632636.054,1030600053.70171,1,0.00144928433873314
1970,1790,Aitkin,270,0010,33,10,AITKIN,Minnesota,G2700010,Territory outline (No Population),385,0000,,,Territory outline (No Population),Northwest Territory,G3850000,5168394488.70707,711109632636.054,3770277017.44913,0.729487082630239,0.00530196307912869
1970,1790,Boone,170,0070,21,70,BOONE,Illinois,G1700070,Territory outline (No Population),385,0000,,,Territory outline (No Population),Northwest Territory,G3850000,730220268.839828,711109632636.054,730220268.839828,1,0.00102687438803625
1970,1790,Baraga,260,0130,23,130,BARAGA,Michigan,G2600130,Territory outline (No Population),385,0000,,,Territory outline (No Population),Northwest Territory,G3850000,2376214097.42753,711109632636.054,2376214097.42753,1,0.00334155802195929
1970,1790,Perry,390,1270,24,1270,PERRY,Ohio,G3901270,Territory outline (No Population),385,0000,,,Territory outline (No Population),Northwest Territory,G3850000,1068609611.79753,711109632636.054,1068609611.79753,1,0.00150273539093577
1970,1790,Ashland,390,0050,24,50,ASHLAND,Ohio,G3900050,Territory outline (No Population),385,0000,,,Territory outline (No Population),Northwest Territory,G3850000,1105521563.89907,711109632636.054,1105521563.89907,1,0.00155464293149981
1970,1790,Kendall,170,0930,21,930,KENDALL,Illinois,G1700930,Territory outline (No Population),385,0000,,,Territory outline (No Population),Northwest Territory,G3850000,835703663.215515,711109632636.054,835703663.215515,1,0.00117521071978395
1970,1790,Clay,170,0250,21,250,CLAY,Illinois,G1700250,Territory outline (No Population),385,0000,,,Territory outline (No Population),Northwest Territory,G3850000,1216875095.30053,711109632636.054,1216875095.30053,1,0.0017112341606028
1970,1790,Switzerland,180,1550,22,1550,SWITZERLAND,Indiana,G1801550,Territory outline (No Population),385,0000,,,Territory outline (No Population),Northwest Territory,G3850000,578915858.445472,711109632636.054,578915858.445472,1,0.000814102118543177
1970,1790,Lagrange,180,0870,22,870,LAGRANGE,Indiana,G1800870,Territory outline (No Population),385,0000,,,Territory outline (No Population),Northwest Territory,G3850000,1001584355.10896,711109632636.054,1001584355.10896,1,0.00140848092775248
1970,1790,Tippecanoe,180,1570,22,1570,TIPPECANOE,Indiana,G1801570,Territory outline (No Population),385,0000,,,Territory outline (No Population),Northwest Territory,G3850000,1302943393.62082,711109632636.054,1302943393.62082,1,0.00183226795675775
1970,1790,Hardin,390,0650,24,650,HARDIN,Ohio,G3900650,Territory outline (No Population),385,0000,,,Territory outline (No Population),Northwest Territory,G3850000,1218676986.19567,711109632636.054,1218676986.19567,1,0.00171376807494237
1970,1790,Hamilton,170,0650,21,650,HAMILTON,Illinois,G1700650,Territory outline (No Population),385,0000,,,Territory outline (No Population),Northwest Territory,G3850000,1128818101.32716,711109632636.054,1128818101.32716,1,0.00158740375537128
1970,1790,Morrison,270,0970,33,970,MORRISON,Minnesota,G2700970,Territory outline (No Population),385,0000,,,Territory outline (No Population),Northwest Territory,G3850000,2987024983.60538,711109632636.054,1640236823.46893,0.549120557233888,0.00230658782864274
1970,1790,Richland,550,1030,25,1030,RICHLAND,Wisconsin,G5501030,Territory outline (No Population),385,0000,,,Territory outline (No Population),Northwest Territory,G3850000,1526476402.91204,711109632636.054,1526476402.91204,1,0.00214661190462778
1970,1790,St Joseph,260,1490,23,1490,ST JOSEPH,Michigan,G2601490,Territory outline (No Population),385,0000,,,Territory outline (No Population),Northwest Territory,G3850000,1349775008.76047,711109632636.054,1349775008.76047,1,0.00189812505247173
1970,1790,Champaign,170,0190,21,190,CHAMPAIGN,Illinois,G1700190,Territory outline (No Population),385,0000,,,Territory outline (No Population),Northwest Territory,G3850000,2583589151.89671,711109632636.054,2583589151.89671,1,0.00363317979861903
1970,1790,Antrim,260,0090,23,90,ANTRIM,Michigan,G2600090,Territory outline (No Population),385,0000,,,Territory outline (No Population),Northwest Territory,G3850000,1360073373.63486,711109632636.054,1360073373.63486,1,0.00191260715818618
1970,1790,Mchenry,170,1110,21,1110,MCHENRY,Illinois,G1701110,Territory outline (No Population),385,0000,,,Territory outline (No Population),Northwest Territory,G3850000,1582813363.20087,711109632636.054,1582813363.20087,1,0.00222583591974903
1970,1790,Ashtabula,390,0070,24,70,ASHTABULA,Ohio,G3900070,Territory outline (No Population),385,0000,,,Territory outline (No Population),Northwest Territory,G3850000,1838912312.20189,711109632636.054,1838912312.20189,1,0.00258597581555058
1970,1790,Alpena,260,0070,23,70,ALPENA,Michigan,G2600070,Territory outline (No Population),385,0000,,,Territory outline (No Population),Northwest Territory,G3850000,1540233949.56266,711109632636.054,1540233949.56266,1,0.00216595849482882
1970,1790,Scioto,390,1450,24,1450,SCIOTO,Ohio,G3901450,Territory outline (No Population),385,0000,,,Territory outline (No Population),Northwest Territory,G3850000,1595622714.08749,711109632636.054,1595622714.08749,1,0.00224384910688466
1970,1790,Cass,180,0170,22,170,CASS,Indiana,G1800170,Territory outline (No Population),385,0000,,,Territory outline (No Population),Northwest Territory,G3850000,1074642917.68278,711109632636.054,1074642917.68278,1,0.00151121974497677
1970,1790,Porter,180,1270,22,1270,PORTER,Indiana,G1801270,Territory outline (No Population),385,0000,,,Territory outline (No Population),Northwest Territory,G3850000,1087825732.29646,711109632636.054,1087825732.29646,1,0.00152975811657048
1970,1790,Outagamie,550,0870,25,870,OUTAGAMIE,Wisconsin,G5500870,Territory outline (No Population),385,0000,,,Territory outline (No Population),Northwest Territory,G3850000,1669021099.5688,711109632636.054,1669021099.5688,1,0.00234706580106615
1970,1790,Ingham,260,0650,23,650,INGHAM,Michigan,G2600650,Territory outline (No Population),385,0000,,,Territory outline (No Population),Northwest Territory,G3850000,1452814056.22513,711109632636.054,1452814056.22513,1,0.00204302401422915
1970,1790,Menominee,260,1090,23,1090,MENOMINEE,Michigan,G2601090,Territory outline (No Population),385,0000,,,Territory outline (No Population),Northwest Territory,G3850000,2723903593.56888,711109632636.054,2723903593.56888,1,0.00383049739246462
1970,1790,Clark,550,0190,25,190,CLARK,Wisconsin,G5500190,Territory outline (No Population),385,0000,,,Territory outline (No Population),Northwest Territory,G3850000,3157359829.06258,711109632636.054,3157359829.06258,1,0.00444004649094455
1970,1790,Harrison,390,0670,24,670,HARRISON,Ohio,G3900670,Territory outline (No Population),385,0000,,,Territory outline (No Population),Northwest Territory,G3850000,1063937901.49979,711109632636.054,1063937901.49979,1,0.00149616578467067
1970,1790,Jersey,170,0830,21,830,JERSEY,Illinois,G1700830,Territory outline (No Population),385,0000,,,Territory outline (No Population),Northwest Territory,G3850000,976472314.954087,711109632636.054,976472314.954087,1,0.00137316704786341
1970,1790,Shelby,390,1490,24,1490,SHELBY,Ohio,G3901490,Territory outline (No Population),385,0000,,,Territory outline (No Population),Northwest Territory,G3850000,1064578234.49081,711109632636.054,1064578234.49081,1,0.00149706625481146
1970,1790,St Clair,260,1470,23,1470,ST CLAIR,Michigan,G2601470,Territory outline (No Population),385,0000,,,Territory outline (No Population),Northwest Territory,G3850000,1880623059.30917,711109632636.054,1880623059.30917,1,0.00264463167562191
1970,1790,Livingston,260,0930,23,930,LIVINGSTON,Michigan,G2600930,Territory outline (No Population),385,0000,,,Territory outline (No Population),Northwest Territory,G3850000,1516248670.37169,711109632636.054,1516248670.37169,1,0.00213222912583959
1970,1790,Barry,260,0150,23,150,BARRY,Michigan,G2600150,Territory outline (No Population),385,0000,,,Territory outline (No Population),Northwest Territory,G3850000,1494155957.81079,711109632636.054,1494155957.81079,1,0.0021011611842073
1970,1790,Clay,180,0210,22,210,CLAY,Indiana,G1800210,Territory outline (No Population),385,0000,,,Territory outline (No Population),Northwest Territory,G3850000,933410977.434199,711109632636.054,933410977.434199,1,0.00131261191607556
1970,1790,Manitowoc,550,0710,25,710,MANITOWOC,Wisconsin,G5500710,Territory outline (No Population),385,0000,,,Territory outline (No Population),Northwest Territory,G3850000,1542568789.63956,711109632636.054,1542568789.63956,1,0.00216924187051344
1970,1790,Putnam,180,1330,22,1330,PUTNAM,Indiana,G1801330,Territory outline (No Population),385,0000,,,Territory outline (No Population),Northwest Territory,G3850000,1249884483.79158,711109632636.054,1249884483.79158,1,0.0017576537096795
1970,1790,Marquette,550,0770,25,770,MARQUETTE,Wisconsin,G5500770,Territory outline (No Population),385,0000,,,Territory outline (No Population),Northwest Territory,G3850000,1202834016.69704,711109632636.054,1202834016.69704,1,0.00169148885276407
1970,1790,Grant,180,0530,22,530,GRANT,Indiana,G1800530,Territory outline (No Population),385,0000,,,Territory outline (No Population),Northwest Territory,G3850000,1074413833.96043,711109632636.054,1074413833.96043,1,0.00151089759532243
1970,1790,Wood,550,1410,25,1410,WOOD,Wisconsin,G5501410,Territory outline (No Population),385,0000,,,Territory outline (No Population),Northwest Territory,G3850000,2096463806.19205,711109632636.054,2096463806.19205,1,0.00294815835698997
1970,1790,Kane,170,0890,21,890,KANE,Illinois,G1700890,Territory outline (No Population),385,0000,,,Territory outline (No Population),Northwest Territory,G3850000,1357357039.6711,711109632636.054,1357357039.6711,1,0.00190878730560777
1970,1790,Monroe,390,1110,24,1110,MONROE,Ohio,G3901110,Territory outline (No Population),385,0000,,,Territory outline (No Population),Northwest Territory,G3850000,1184810186.60751,711109632636.054,1184810186.60751,1,0.00166614278900353
1970,1790,Wexford,260,1650,23,1650,WEXFORD,Michigan,G2601650,Territory outline (No Population),385,0000,,,Territory outline (No Population),Northwest Territory,G3850000,1491403476.58432,711109632636.054,1491403476.58432,1,0.00209729049943502
1970,1790,Isanti,270,0590,33,590,ISANTI,Minnesota,G2700590,Territory outline (No Population),385,0000,,,Territory outline (No Population),Northwest Territory,G3850000,1170330023.45583,711109632636.054,1170330023.45583,1,0.00164578001723512
1970,1790,Hancock,170,0670,21,670,HANCOCK,Illinois,G1700670,Territory outline (No Population),385,0000,,,Territory outline (No Population),Northwest Territory,G3850000,2109638135.2398,711109632636.054,2109638135.2398,1,0.00296668479573179
1970,1790,Berrien,260,0210,23,210,BERRIEN,Michigan,G2600210,Territory outline (No Population),385,0000,,,Territory outline (No Population),Northwest Territory,G3850000,1502799605.18394,711109632636.054,1502799605.18394,1,0.00211331633859764
1970,1790,Sangamon,170,1670,21,1670,SANGAMON,Illinois,G1701670,Territory outline (No Population),385,0000,,,Territory outline (No Population),Northwest Territory,G3850000,2271432659.35154,711109632636.054,2271432659.35154,1,0.00319420881831038
1970,1790,Delta,260,0410,23,410,DELTA,Michigan,G2600410,Territory outline (No Population),385,0000,,,Territory outline (No Population),Northwest Territory,G3850000,3055104985.64408,711109632636.054,3055104985.64408,1,0.00429625031841986
1970,1790,Union,170,1810,21,1810,UNION,Illinois,G1701810,Territory outline (No Population),385,0000,,,Territory outline (No Population),Northwest Territory,G3850000,1093310597.90951,711109632636.054,1093310597.90951,1,0.00153747122487521
1970,1790,Boone,180,0110,22,110,BOONE,Indiana,G1800110,Territory outline (No Population),385,0000,,,Territory outline (No Population),Northwest Territory,G3850000,1096279306.99216,711109632636.054,1096279306.99216,1,0.00154164598070244
1970,1790,Lapeer,260,0870,23,870,LAPEER,Michigan,G2600870,Territory outline (No Population),385,0000,,,Territory outline (No Population),Northwest Territory,G3850000,1717361501.2771,711109632636.054,1717361501.2771,1,0.00241504463230361
1970,1790,White,170,1930,21,1930,WHITE,Illinois,G1701930,Territory outline (No Population),385,0000,,,Territory outline (No Population),Northwest Territory,G3850000,1299392254.2067,711109632636.054,1299392254.2067,1,0.00182727415657401
1970,1790,Ford,170,0530,21,530,FORD,Illinois,G1700530,Territory outline (No Population),385,0000,,,Territory outline (No Population),Northwest Territory,G3850000,1259807934.37854,711109632636.054,1259807934.37854,1,0.00177160859108107
1970,1790,Bay,260,0170,23,170,BAY,Michigan,G2600170,Territory outline (No Population),385,0000,,,Territory outline (No Population),Northwest Territory,G3850000,1159619492.03992,711109632636.054,1159619492.03992,1,0.00163071830111661
1970,1790,Cheboygan,260,0310,23,310,CHEBOYGAN,Michigan,G2600310,Territory outline (No Population),385,0000,,,Territory outline (No Population),Northwest Territory,G3850000,2061080376.53004,711109632636.054,2061080376.53004,1,0.00289840030557553
1970,1790,Van Buren,260,1590,23,1590,VAN BUREN,Michigan,G2601590,Territory outline (No Population),385,0000,,,Territory outline (No Population),Northwest Territory,G3850000,1613934709.73847,711109632636.054,1613934709.73847,1,0.00226960040430852
1970,1790,Huron,390,0770,24,770,HURON,Ohio,G3900770,Territory outline (No Population),385,0000,,,Territory outline (No Population),Northwest Territory,G3850000,1280782000.70763,711109632636.054,1280782000.70763,1,0.00180110343317924
1970,1790,Moultrie,170,1390,21,1390,MOULTRIE,Illinois,G1701390,Territory outline (No Population),385,0000,,,Territory outline (No Population),Northwest Territory,G3850000,892168185.901135,711109632636.054,892168185.901135,1,0.00125461411989865
1970,1790,Oconto,550,0830,25,830,OCONTO,Wisconsin,G5500830,Territory outline (No Population),385,0000,,,Territory outline (No Population),Northwest Territory,G3850000,2634555549.93338,711109632636.054,2634555549.93338,1,0.00370485144487101
1970,1790,White,180,1810,22,1810,WHITE,Indiana,G1801810,Territory outline (No Population),385,0000,,,Territory outline (No Population),Northwest Territory,G3850000,1317783364.90043,711109632636.054,1317783364.90043,1,0.00185313670975804
1970,1790,Dunn,550,0330,25,330,DUNN,Wisconsin,G5500330,Territory outline (No Population),385,0000,,,Territory outline (No Population),Northwest Territory,G3850000,2237492845.87894,711109632636.054,2237492845.87894,1,0.00314648085638307
1970,1790,Langlade,550,0670,25,670,LANGLADE,Wisconsin,G5500670,Territory outline (No Population),385,0000,,,Territory outline (No Population),Northwest Territory,G3850000,2299548684.30711,711109632636.054,2299548684.30711,1,0.00323374706060834
1970,1790,Stephenson,170,1770,21,1770,STEPHENSON,Illinois,G1701770,Territory outline (No Population),385,0000,,,Territory outline (No Population),Northwest Territory,G3850000,1462605710.13911,711109632636.054,1462605710.13911,1,0.00205679355617402
1970,1790,Delaware,180,0350,22,350,DELAWARE,Indiana,G1800350,Territory outline (No Population),385,0000,,,Territory outline (No Population),Northwest Territory,G3850000,1025438685.47725,711109632636.054,1025438685.47725,1,0.00144202614957695
1970,1790,Lawrence,390,0870,24,870,LAWRENCE,Ohio,G3900870,Territory outline (No Population),385,0000,,,Territory outline (No Population),Northwest Territory,G3850000,1184341280.93894,711109632636.054,1184341280.93894,1,0.00166548338903614
1970,1790,Jackson,180,0710,22,710,JACKSON,Indiana,G1800710,Territory outline (No Population),385,0000,,,Territory outline (No Population),Northwest Territory,G3850000,1330614306.42027,711109632636.054,1330614306.42027,1,0.00187118025878476
1970,1790,Fond Du Lac,550,0390,25,390,FOND DU LAC,Wisconsin,G5500390,Territory outline (No Population),385,0000,,,Territory outline (No Population),Northwest Territory,G3850000,1983388376.96447,711109632636.054,1983388376.96447,1,0.0027891457040346
1970,1790,Clinton,180,0230,22,230,CLINTON,Indiana,G1800230,Territory outline (No Population),385,0000,,,Territory outline (No Population),Northwest Territory,G3850000,1049658962.01649,711109632636.054,1049658962.01649,1,0.00147608598427425
1970,1790,Perry,170,1450,21,1450,PERRY,Illinois,G1701450,Territory outline (No Population),385,0000,,,Territory outline (No Population),Northwest Territory,G3850000,1157238418.43971,711109632636.054,1157238418.43971,1,0.00162736990940465
1970,1790,Marquette,260,1030,23,1030,MARQUETTE,Michigan,G2601030,Territory outline (No Population),385,0000,,,Territory outline (No Population),Northwest Territory,G3850000,4844416163.64436,711109632636.054,4844416163.64436,1,0.00681247439397819
1970,1790,Preble,390,1350,24,1350,PREBLE,Ohio,G3901350,Territory outline (No Population),385,0000,,,Territory outline (No Population),Northwest Territory,G3850000,1104177482.41796,711109632636.054,1104177482.41796,1,0.00155275281298724
1970,1790,Wells,180,1790,22,1790,WELLS,Indiana,G1801790,Territory outline (No Population),385,0000,,,Territory outline (No Population),Northwest Territory,G3850000,959346238.69715,711109632636.054,959346238.69715,1,0.00134908345305476
1970,1790,Wabash,180,1690,22,1690,WABASH,Indiana,G1801690,Territory outline (No Population),385,0000,,,Territory outline (No Population),Northwest Territory,G3850000,1090571520.05006,711109632636.054,1090571520.05006,1,0.00153361938862697
1970,1790,Vigo,180,1670,22,1670,VIGO,Indiana,G1801670,Territory outline (No Population),385,0000,,,Territory outline (No Population),Northwest Territory,G3850000,1063103014.78688,711109632636.054,1063103014.78688,1,0.00149499172278963
1970,1790,Rock,550,1050,25,1050,ROCK,Wisconsin,G5501050,Territory outline (No Population),385,0000,,,Territory outline (No Population),Northwest Territory,G3850000,1880823890.24314,711109632636.054,1880823890.24314,1,0.00264491409470998
1970,1790,Burnett,550,0130,25,130,BURNETT,Wisconsin,G5500130,Territory outline (No Population),385,0000,,,Territory outline (No Population),Northwest Territory,G3850000,2280137684.60156,711109632636.054,2280137684.60156,1,0.00320645028551952
1970,1790,Kosciusko,180,0850,22,850,KOSCIUSKO,Indiana,G1800850,Territory outline (No Population),385,0000,,,Territory outline (No Population),Northwest Territory,G3850000,1435721159.55956,711109632636.054,1435721159.55956,1,0.00201898707831787
1970,1790,Polk,550,0950,25,950,POLK,Wisconsin,G5500950,Territory outline (No Population),385,0000,,,Territory outline (No Population),Northwest Territory,G3850000,2476712202.35241,711109632636.054,2476712202.35241,1,0.00348288377584106
1970,1790,Mille Lacs,270,0950,33,950,MILLE LACS,Minnesota,G2700950,Territory outline (No Population),385,0000,,,Territory outline (No Population),Northwest Territory,G3850000,1765723660.33235,711109632636.054,1765723660.33235,1,0.00248305405987384
1970,1790,Rusk,550,1070,25,1070,RUSK,Wisconsin,G5501070,Territory outline (No Population),385,0000,,,Territory outline (No Population),Northwest Territory,G3850000,2410965829.45628,711109632636.054,2410965829.45628,1,0.00339042774673003
1970,1790,St Joseph,180,1410,22,1410,ST JOSEPH,Indiana,G1801410,Territory outline (No Population),385,0000,,,Territory outline (No Population),Northwest Territory,G3850000,1193905679.42275,711109632636.054,1193905679.42275,1,0.00167893335236789
1970,1790,Florence,550,0370,25,370,FLORENCE,Wisconsin,G5500370,Territory outline (No Population),385,0000,,,Territory outline (No Population),Northwest Territory,G3850000,1288406671.94681,711109632636.054,1288406671.94681,1,0.00181182564940196
1970,1790,Greene,170,0610,21,610,GREENE,Illinois,G1700610,Territory outline (No Population),385,0000,,,Territory outline (No Population),Northwest Territory,G3850000,1415023333.18304,711109632636.054,1415023333.18304,1,0.00198988069946066
1970,1790,Bureau,170,0110,21,110,BUREAU,Illinois,G1700110,Territory outline (No Population),385,0000,,,Territory outline (No Population),Northwest Territory,G3850000,2261820405.53663,711109632636.054,2261820405.53663,1,0.00318069155827935
1970,1790,Hennepin,270,0530,33,530,HENNEPIN,Minnesota,G2700530,Territory outline (No Population),385,0000,,,Territory outline (No Population),Northwest Territory,G3850000,1570512004.04943,711109632636.054,36778523.7335363,0.023418174225161,5.17199065314301e-05
1970,1790,Marion,170,1210,21,1210,MARION,Illinois,G1701210,Territory outline (No Population),385,0000,,,Territory outline (No Population),Northwest Territory,G3850000,1491071954.87229,711109632636.054,1491071954.87229,1,0.00209682429605818
1970,1790,Vernon,550,1230,25,1230,VERNON/BAD AX,Wisconsin,G5501230,Territory outline (No Population),385,0000,,,Territory outline (No Population),Northwest Territory,G3850000,2114472923.60764,711109632636.054,2114472923.60764,1,0.00297348373100977
1970,1790,Scott,170,1710,21,1710,SCOTT,Illinois,G1701710,Territory outline (No Population),385,0000,,,Territory outline (No Population),Northwest Territory,G3850000,654659829.960394,711109632636.054,654659829.960394,1,0.000920617299942341
1970,1790,Dodge,550,0270,25,270,DODGE,Wisconsin,G5500270,Territory outline (No Population),385,0000,,,Territory outline (No Population),Northwest Territory,G3850000,2349064550.62114,711109632636.054,2349064550.62114,1,0.00330337889238436
1970,1790,Brown,170,0090,21,90,BROWN,Illinois,G1700090,Territory outline (No Population),385,0000,,,Territory outline (No Population),Northwest Territory,G3850000,795745673.813157,711109632636.054,795745673.813157,1,0.00111901968035978
1970,1790,Williams,390,1710,24,1710,WILLIAMS,Ohio,G3901710,Territory outline (No Population),385,0000,,,Territory outline (No Population),Northwest Territory,G3850000,1095695047.01876,711109632636.054,1095695047.01876,1,0.00154082436340662
1970,1790,Owen,180,1190,22,1190,OWEN,Indiana,G1801190,Territory outline (No Population),385,0000,,,Territory outline (No Population),Northwest Territory,G3850000,1004477985.2895,711109632636.054,1004477985.2895,1,0.00141255010365412
1970,1790,Menard,170,1290,21,1290,MENARD,Illinois,G1701290,Territory outline (No Population),385,0000,,,Territory outline (No Population),Northwest Territory,G3850000,816811838.642068,711109632636.054,816811838.642068,1,0.0011486440362426
1970,1790,Winnebago,550,1390,25,1390,WINNEBAGO,Wisconsin,G5501390,Territory outline (No Population),385,0000,,,Territory outline (No Population),Northwest Territory,G3850000,1498806809.50689,711109632636.054,1498806809.50689,1,0.00210770145800286
1970,1790,Trumbull,390,1550,24,1550,TRUMBULL,Ohio,G3901550,Territory outline (No Population),385,0000,,,Territory outline (No Population),Northwest Territory,G3850000,1643904262.60235,711109632636.054,1643904262.60235,1,0.00231174517564677
1970,1790,Clermont,390,0250,24,250,CLERMONT,Ohio,G3900250,Territory outline (No Population),385,0000,,,Territory outline (No Population),Northwest Territory,G3850000,1185363103.34236,711109632636.054,1185363103.34236,1,0.0016669203297785
1970,1790,Keweenaw,260,0830,23,830,KEWEENAW,Michigan,G2600830,Territory outline (No Population),385,0000,,,Territory outline (No Population),Northwest Territory,G3850000,1457918695.8605,711109632636.054,1457918695.8605,1,0.00205020242864108
1970,1790,Stark,170,1750,21,1750,STARK,Illinois,G1701750,Territory outline (No Population),385,0000,,,Territory outline (No Population),Northwest Territory,G3850000,746465948.087659,711109632636.054,746465948.087659,1,0.00104971992197678
1970,1790,Hancock,390,0630,24,630,HANCOCK,Ohio,G3900630,Territory outline (No Population),385,0000,,,Territory outline (No Population),Northwest Territory,G3850000,1381999405.40326,711109632636.054,1381999405.40326,1,0.00194344070446668
1970,1790,Shelby,180,1450,22,1450,SHELBY,Indiana,G1801450,Territory outline (No Population),385,0000,,,Territory outline (No Population),Northwest Territory,G3850000,1069948685.60786,711109632636.054,1069948685.60786,1,0.00150461846739665
1970,1790,Miami,180,1030,22,1030,MIAMI,Indiana,G1801030,Territory outline (No Population),385,0000,,,Territory outline (No Population),Northwest Territory,G3850000,977357657.059903,711109632636.054,977357657.059903,1,0.00137441206278823
1970,1790,Mason,170,1250,21,1250,MASON,Illinois,G1701250,Territory outline (No Population),385,0000,,,Territory outline (No Population),Northwest Territory,G3850000,1459112207.7215,711109632636.054,1459112207.7215,1,0.00205188080818514
1970,1790,Missaukee,260,1130,23,1130,MISSAUKEE,Michigan,G2601130,Territory outline (No Population),385,0000,,,Territory outline (No Population),Northwest Territory,G3850000,1486172985.51679,711109632636.054,1486172985.51679,1,0.00208993510607866
1970,1790,Will,170,1970,21,1970,WILL,Illinois,G1701970,Territory outline (No Population),385,0000,,,Territory outline (No Population),Northwest Territory,G3850000,2199890905.31055,711109632636.054,2199890905.31055,1,0.00309360301752015
1970,1790,Adams,170,0010,21,10,ADAMS,Illinois,G1700010,Territory outline (No Population),385,0000,,,Territory outline (No Population),Northwest Territory,G3850000,2256593740.22066,711109632636.054,2256593740.22066,1,0.00317334154489732
1970,1790,Henderson,170,0710,21,710,HENDERSON,Illinois,G1700710,Territory outline (No Population),385,0000,,,Territory outline (No Population),Northwest Territory,G3850000,1023364310.76221,711109632636.054,1023364310.76221,1,0.00143910905406897
1970,1790,Greene,180,0550,22,550,GREENE,Indiana,G1800550,Territory outline (No Population),385,0000,,,Territory outline (No Population),Northwest Territory,G3850000,1413892872.34023,711109632636.054,1413892872.34023,1,0.00198829098559526
1970,1790,Itasca,270,0610,33,610,ITASCA,Minnesota,G2700610,Territory outline (No Population),385,0000,,,Territory outline (No Population),Northwest Territory,G3850000,7582684452.44145,711109632636.054,6933249265.16505,0.914352866540913,0.0097499020502138
1970,1790,Hendricks,180,0630,22,630,HENDRICKS,Indiana,G1800630,Territory outline (No Population),385,0000,,,Territory outline (No Population),Northwest Territory,G3850000,1058982741.95208,711109632636.054,1058982741.95208,1,0.00148919757706906
1970,1790,Huntington,180,0690,22,690,HUNTINGTON,Indiana,G1800690,Territory outline (No Population),385,0000,,,Territory outline (No Population),Northwest Territory,G3850000,1004759515.18495,711109632636.054,1004759515.18495,1,0.00141294600589272
1970,1790,Tuscola,260,1570,23,1570,TUSCOLA,Michigan,G2601570,Territory outline (No Population),385,0000,,,Territory outline (No Population),Northwest Territory,G3850000,2109006859.01195,711109632636.054,2109006859.01195,1,0.00296579706169067
1970,1790,Medina,390,1030,24,1030,MEDINA,Ohio,G3901030,Territory outline (No Population),385,0000,,,Territory outline (No Population),Northwest Territory,G3850000,1095854397.53326,711109632636.054,1095854397.53326,1,0.00154104845053353
1970,1790,Milwaukee,550,0790,25,790,MILWAUKEE,Wisconsin,G5500790,Territory outline (No Population),385,0000,,,Territory outline (No Population),Northwest Territory,G3850000,628632149.850541,711109632636.054,628632149.850541,1,0.000884015798689476
1970,1790,Piatt,170,1470,21,1470,PIATT,Illinois,G1701470,Territory outline (No Population),385,0000,,,Territory outline (No Population),Northwest Territory,G3850000,1140458214.48327,711109632636.054,1140458214.48327,1,0.00160377269852981
1970,1790,Jennings,180,0790,22,790,JENNINGS,Indiana,G1800790,Territory outline (No Population),385,0000,,,Territory outline (No Population),Northwest Territory,G3850000,979926714.235836,711109632636.054,979926714.235836,1,0.00137802480695317
1970,1790,Ontonagon,260,1310,23,1310,ONTONAGON,Michigan,G2601310,Territory outline (No Population),385,0000,,,Territory outline (No Population),Northwest Territory,G3850000,3441416267.27724,711109632636.054,3441416267.27724,1,0.00483950168769343
1970,1790,Sandusky,390,1430,24,1430,SANDUSKY,Ohio,G3901430,Territory outline (No Population),385,0000,,,Territory outline (No Population),Northwest Territory,G3850000,1067977207.94553,711109632636.054,1067977207.94553,1,0.0015018460711699
1970,1790,Jay,180,0750,22,750,JAY,Indiana,G1800750,Territory outline (No Population),385,0000,,,Territory outline (No Population),Northwest Territory,G3850000,994074060.686109,711109632636.054,994074060.686109,1,0.00139791955426214
1970,1790,Shiawassee,260,1550,23,1550,SHIAWASSEE,Michigan,G2601550,Territory outline (No Population),385,0000,,,Territory outline (No Population),Northwest Territory,G3850000,1400478627.93595,711109632636.054,1400478627.93595,1,0.00196942716518188
1970,1790,Dane,550,0250,25,250,DANE,Wisconsin,G5500250,Territory outline (No Population),385,0000,,,Territory outline (No Population),Northwest Territory,G3850000,3207199187.81629,711109632636.054,3207199187.81629,1,0.00451013323490968
1970,1790,Du Page,170,0430,21,430,DU PAGE,Illinois,G1700430,Territory outline (No Population),385,0000,,,Territory outline (No Population),Northwest Territory,G3850000,871672286.797154,711109632636.054,871672286.797154,1,0.00122579170185883
1970,1790,Carroll,180,0150,22,150,CARROLL,Indiana,G1800150,Territory outline (No Population),385,0000,,,Territory outline (No Population),Northwest Territory,G3850000,971383372.016104,711109632636.054,971383372.016104,1,0.00136601070697809
1970,1790,Wyandot,390,1750,24,1750,WYANDOT,Ohio,G3901750,Territory outline (No Population),385,0000,,,Territory outline (No Population),Northwest Territory,G3850000,1055732444.15572,711109632636.054,1055732444.15572,1,0.00148462683628988
1970,1790,Daviess,180,0270,22,270,DAVIESS,Indiana,G1800270,Territory outline (No Population),385,0000,,,Territory outline (No Population),Northwest Territory,G3850000,1131454393.77526,711109632636.054,1131454393.77526,1,0.00159111104933427
1970,1790,Williamson,170,1990,21,1990,WILLIAMSON,Illinois,G1701990,Territory outline (No Population),385,0000,,,Territory outline (No Population),Northwest Territory,G3850000,1150932209.41046,711109632636.054,1150932209.41046,1,0.00161850178451951
1970,1790,Jasper,180,0730,22,730,JASPER,Indiana,G1800730,Territory outline (No Population),385,0000,,,Territory outline (No Population),Northwest Territory,G3850000,1453552243.49114,711109632636.054,1453552243.49114,1,0.00204406209223025
1970,1790,Lake Of The Woods,270,0770,33,770,LAKE OF THE WOODS,Minnesota,G2700770,Territory outline (No Population),385,0000,,,Territory outline (No Population),Northwest Territory,G3850000,4597260549.44741,711109632636.054,878231581.039172,0.191033675727762,0.00123501572856439
1970,1790,Elkhart,180,0390,22,390,ELKHART,Indiana,G1800390,Territory outline (No Population),385,0000,,,Territory outline (No Population),Northwest Territory,G3850000,1211715089.54153,711109632636.054,1211715089.54153,1,0.00170397788741765
1970,1790,Pike,390,1310,24,1310,PIKE,Ohio,G3901310,Territory outline (No Population),385,0000,,,Territory outline (No Population),Northwest Territory,G3850000,1149803834.6742,711109632636.054,1149803834.6742,1,0.00161691500424755
1970,1790,Wood,390,1730,24,1730,WOOD,Ohio,G3901730,Territory outline (No Population),385,0000,,,Territory outline (No Population),Northwest Territory,G3850000,1607188649.99012,711109632636.054,1607188649.99012,1,0.00226011373806362
1970,1790,Douglas,550,0310,25,310,DOUGLAS,Wisconsin,G5500310,Territory outline (No Population),385,0000,,,Territory outline (No Population),Northwest Territory,G3850000,3454310018.22051,711109632636.054,3454310018.22051,1,0.00485763356265548
1970,1790,Tipton,180,1590,22,1590,TIPTON,Indiana,G1801590,Territory outline (No Population),385,0000,,,Territory outline (No Population),Northwest Territory,G3850000,674452702.59794,711109632636.054,674452702.59794,1,0.000948451084958266
1970,1790,Grand Traverse,260,0550,23,550,GRAND TRAVERSE,Michigan,G2600550,Territory outline (No Population),385,0000,,,Territory outline (No Population),Northwest Territory,G3850000,1269592058.1203,711109632636.054,1269592058.1203,1,0.00178536754369924
1970,1790,Pierce,550,0930,25,930,PIERCE,Wisconsin,G5500930,Territory outline (No Population),385,0000,,,Territory outline (No Population),Northwest Territory,G3850000,1532175556.95018,711109632636.054,1532175556.95018,1,0.0021546263566568
1970,1790,Montgomery,390,1130,24,1130,MONTGOMERY,Ohio,G3901130,Territory outline (No Population),385,0000,,,Territory outline (No Population),Northwest Territory,G3850000,1202646546.57492,711109632636.054,1202646546.57492,1,0.00169122522235673
1970,1790,Van Wert,390,1610,24,1610,VAN WERT,Ohio,G3901610,Territory outline (No Population),385,0000,,,Territory outline (No Population),Northwest Territory,G3850000,1063150684.40872,711109632636.054,1063150684.40872,1,0.00149505875833472
1970,1790,Portage,550,0970,25,970,PORTAGE,Wisconsin,G5500970,Territory outline (No Population),385,0000,,,Territory outline (No Population),Northwest Territory,G3850000,2130914539.17724,711109632636.054,2130914539.17724,1,0.00299660480097566
1970,1790,Wayne,170,1910,21,1910,WAYNE,Illinois,G1701910,Territory outline (No Population),385,0000,,,Territory outline (No Population),Northwest Territory,G3850000,1853289150.18999,711109632636.054,1853289150.18999,1,0.00260619328600559
1970,1790,Grundy,170,0630,21,630,GRUNDY,Illinois,G1700630,Territory outline (No Population),385,0000,,,Territory outline (No Population),Northwest Territory,G3850000,1114777786.62869,711109632636.054,1114777786.62869,1,0.0015676595217762
1970,1790,Columbia,550,0210,25,210,COLUMBIA,Wisconsin,G5500210,Territory outline (No Population),385,0000,,,Territory outline (No Population),Northwest Territory,G3850000,2060843297.63193,711109632636.054,2060843297.63193,1,0.0028980669126819
1970,1790,Floyd,180,0430,22,430,FLOYD,Indiana,G1800430,Territory outline (No Population),385,0000,,,Territory outline (No Population),Northwest Territory,G3850000,384124870.390582,711109632636.054,384124870.390582,1,0.000540176722071176
1970,1790,Logan,170,1070,21,1070,LOGAN,Illinois,G1701070,Territory outline (No Population),385,0000,,,Territory outline (No Population),Northwest Territory,G3850000,1603212623.32051,711109632636.054,1603212623.32051,1,0.00225452243893457
1970,1790,Racine,550,1010,25,1010,RACINE,Wisconsin,G5501010,Territory outline (No Population),385,0000,,,Territory outline (No Population),Northwest Territory,G3850000,881009149.579708,711109632636.054,881009149.579708,1,0.00123892169244543
1970,1790,Washington,390,1670,24,1670,WASHINGTON,Ohio,G3901670,Territory outline (No Population),385,0000,,,Territory outline (No Population),Northwest Territory,G3850000,1657974962.4538,711109632636.054,1657974962.4538,1,0.00233153213845206
1970,1790,Hardin,170,0690,21,690,HARDIN,Illinois,G1700690,Territory outline (No Population),385,0000,,,Territory outline (No Population),Northwest Territory,G3850000,470172176.468397,711109632636.054,470172176.468397,1,0.000661180997823764
1970,1790,Chippewa,550,0170,25,170,CHIPPEWA,Wisconsin,G5500170,Territory outline (No Population),385,0000,,,Territory outline (No Population),Northwest Territory,G3850000,2696970806.92626,711109632636.054,2696970806.92626,1,0.00379262308250375
1970,1790,Saline,170,1650,21,1650,SALINE,Illinois,G1701650,Territory outline (No Population),385,0000,,,Territory outline (No Population),Northwest Territory,G3850000,1002269697.47654,711109632636.054,1002269697.47654,1,0.00140944469246067
1970,1790,Ashland,550,0030,25,30,ASHLAND,Wisconsin,G5500030,Territory outline (No Population),385,0000,,,Territory outline (No Population),Northwest Territory,G3850000,2729934957.6246,711109632636.054,2729934957.6246,1,0.00383897901580217
1970,1790,Howard,180,0670,22,670,HOWARD,Indiana,G1800670,Territory outline (No Population),385,0000,,,Territory outline (No Population),Northwest Territory,G3850000,761266960.983517,711109632636.054,761266960.983517,1,0.00107053388963602
1970,1790,Jackson,390,0790,24,790,JACKSON,Ohio,G3900790,Territory outline (No Population),385,0000,,,Territory outline (No Population),Northwest Territory,G3850000,1091677710.15507,711109632636.054,1091677710.15507,1,0.00153517497169638
1970,1790,Rush,180,1390,22,1390,RUSH,Indiana,G1801390,Territory outline (No Population),385,0000,,,Territory outline (No Population),Northwest Territory,G3850000,1058319950.25063,711109632636.054,1058319950.25063,1,0.00148826552430106
1970,1790,Warren,390,1650,24,1650,WARREN,Ohio,G3901650,Territory outline (No Population),385,0000,,,Territory outline (No Population),Northwest Territory,G3850000,1054485363.73557,711109632636.054,1054485363.73557,1,0.00148287312580289
1970,1790,Montgomery,180,1070,22,1070,MONTGOMERY,Indiana,G1801070,Territory outline (No Population),385,0000,,,Territory outline (No Population),Northwest Territory,G3850000,1308814442.40117,711109632636.054,1308814442.40117,1,0.00184052413627059
1970,1790,Oakland,260,1250,23,1250,OAKLAND,Michigan,G2601250,Territory outline (No Population),385,0000,,,Territory outline (No Population),Northwest Territory,G3850000,2351693227.89324,711109632636.054,2351693227.89324,1,0.00330707547748384
1970,1790,Presque Isle,260,1410,23,1410,PRESQUE ISLE,Michigan,G2601410,Territory outline (No Population),385,0000,,,Territory outline (No Population),Northwest Territory,G3850000,1774133934.99622,711109632636.054,1774133934.99622,1,0.00249488103320944
1970,1790,Alger,260,0030,23,30,ALGER,Michigan,G2600030,Territory outline (No Population),385,0000,,,Territory outline (No Population),Northwest Territory,G3850000,2427916767.32591,711109632636.054,2427916767.32591,1,0.00341426505266947
1970,1790,Marathon,550,0730,25,730,MARATHON,Wisconsin,G5500730,Territory outline (No Population),385,0000,,,Territory outline (No Population),Northwest Territory,G3850000,4082124387.11454,711109632636.054,4082124387.11454,1,0.00574049935448388
1970,1790,Barron,550,0050,25,50,BARRON/DALLAS,Wisconsin,G5500050,Territory outline (No Population),385,0000,,,Territory outline (No Population),Northwest Territory,G3850000,2305106414.29607,711109632636.054,2305106414.29607,1,0.0032415626346547
1970,1790,Lafayette,550,0650,25,650,LAFAYETTE,Wisconsin,G5500650,Territory outline (No Population),385,0000,,,Territory outline (No Population),Northwest Territory,G3850000,1643500951.98516,711109632636.054,1643500951.98516,1,0.00231117801891217
1970,1790,Buffalo,550,0110,25,110,BUFFALO,Wisconsin,G5500110,Territory outline (No Population),385,0000,,,Territory outline (No Population),Northwest Territory,G3850000,1837786170.13664,711109632636.054,1837786170.13664,1,0.00258439217497876
1970,1790,Osceola,260,1330,23,1330,OSCEOLA,Michigan,G2601330,Territory outline (No Population),385,0000,,,Territory outline (No Population),Northwest Territory,G3850000,1484316864.14272,711109632636.054,1484316864.14272,1,0.00208732492996955
1970,1790,Marshall,170,1230,21,1230,MARSHALL,Illinois,G1701230,Territory outline (No Population),385,0000,,,Territory outline (No Population),Northwest Territory,G3850000,1032145103.73324,711109632636.054,1032145103.73324,1,0.00145145706985732
1970,1790,Guernsey,390,0590,24,590,GUERNSEY,Ohio,G3900590,Territory outline (No Population),385,0000,,,Territory outline (No Population),Northwest Territory,G3850000,1368268729.59008,711109632636.054,1368268729.59008,1,0.00192413190145936
1970,1790,Bartholomew,180,0050,22,50,BARTHOLOMEW,Indiana,G1800050,Territory outline (No Population),385,0000,,,Territory outline (No Population),Northwest Territory,G3850000,1060234426.34932,711109632636.054,1060234426.34932,1,0.00149095776191229
1970,1790,Sawyer,550,1130,25,1130,SAWYER,Wisconsin,G5501130,Territory outline (No Population),385,0000,,,Territory outline (No Population),Northwest Territory,G3850000,3497238678.42337,711109632636.054,3497238678.42337,1,0.00491800211657835
1970,1790,Jefferson,390,0810,24,810,JEFFERSON,Ohio,G3900810,Territory outline (No Population),385,0000,,,Territory outline (No Population),Northwest Territory,G3850000,1064154943.55708,711109632636.054,1064154943.55708,1,0.0014964710006983
1970,1790,Cuyahoga,390,0350,24,350,CUYAHOGA,Ohio,G3900350,Territory outline (No Population),385,0000,,,Territory outline (No Population),Northwest Territory,G3850000,1189863632.52841,711109632636.054,1189863632.52841,1,0.0016732492121048
1970,1790,Muskingum,390,1190,24,1190,MUSKINGUM,Ohio,G3901190,Territory outline (No Population),385,0000,,,Territory outline (No Population),Northwest Territory,G3850000,1742000995.1622,711109632636.054,1742000995.1622,1,0.00244969399261922
1970,1790,Mason,260,1050,23,1050,MASON,Michigan,G2601050,Territory outline (No Population),385,0000,,,Territory outline (No Population),Northwest Territory,G3850000,1321052777.4526,711109632636.054,1321052777.4526,1,0.00185773433071847
1970,1790,Seneca,390,1470,24,1470,SENECA,Ohio,G3901470,Territory outline (No Population),385,0000,,,Territory outline (No Population),Northwest Territory,G3850000,1430619546.3191,711109632636.054,1430619546.3191,1,0.00201181291978264
1970,1790,Eaton,260,0450,23,450,EATON,Michigan,G2600450,Territory outline (No Population),385,0000,,,Territory outline (No Population),Northwest Territory,G3850000,1499647306.05754,711109632636.054,1499647306.05754,1,0.00210888340873461
1970,1790,Morgan,180,1090,22,1090,MORGAN,Indiana,G1801090,Territory outline (No Population),385,0000,,,Territory outline (No Population),Northwest Territory,G3850000,1060305377.1292,711109632636.054,1060305377.1292,1,0.00149105753665393
1970,1790,Iron,550,0510,25,510,IRON,Wisconsin,G5500510,Territory outline (No Population),385,0000,,,Territory outline (No Population),Northwest Territory,G3850000,2078930300.32452,711109632636.054,2078930300.32452,1,0.0029235018131002
1970,1790,Cook,270,0310,33,310,COOK,Minnesota,G2700310,Territory outline (No Population),385,0000,,,Territory outline (No Population),Northwest Territory,G3850000,4159503415.78092,711109632636.054,4159503415.78092,1,0.00584931383978277
1970,1790,Kankakee,170,0910,21,910,KANKAKEE,Illinois,G1700910,Territory outline (No Population),385,0000,,,Territory outline (No Population),Northwest Territory,G3850000,1764925063.81158,711109632636.054,1764925063.81158,1,0.00248193103118161
1970,1790,Green Lake,550,0470,25,470,GREEN LAKE,Wisconsin,G5500470,Territory outline (No Population),385,0000,,,Territory outline (No Population),Northwest Territory,G3850000,985313533.695434,711109632636.054,985313533.695434,1,0.00138560003756793
1970,1790,Miami,390,1090,24,1090,MIAMI,Ohio,G3901090,Territory outline (No Population),385,0000,,,Territory outline (No Population),Northwest Territory,G3850000,1059872108.42746,711109632636.054,1059872108.42746,1,0.00149044825127535
1970,1790,Steuben,180,1510,22,1510,STEUBEN,Indiana,G1801510,Territory outline (No Population),385,0000,,,Territory outline (No Population),Northwest Territory,G3850000,835223245.282516,711109632636.054,835223245.282516,1,0.00117453513066104
1970,1790,Franklin,170,0550,21,550,FRANKLIN,Illinois,G1700550,Territory outline (No Population),385,0000,,,Territory outline (No Population),Northwest Territory,G3850000,1117315378.823,711109632636.054,1117315378.823,1,0.00157122801821873
1970,1790,Shawano,550,1150,25,1150,SHAWANO,Wisconsin,G5501150,Territory outline (No Population),385,0000,,,Territory outline (No Population),Northwest Territory,G3850000,2355128374.05252,711109632636.054,2355128374.05252,1,0.00331190616181383
1970,1790,Delaware,390,0410,24,410,DELAWARE,Ohio,G3900410,Territory outline (No Population),385,0000,,,Territory outline (No Population),Northwest Territory,G3850000,1180966317.43346,711109632636.054,1180966317.43346,1,0.00166073733673902
1970,1790,Montmorency,260,1190,23,1190,MONTMORENCY,Michigan,G2601190,Territory outline (No Population),385,0000,,,Territory outline (No Population),Northwest Territory,G3850000,1456694166.80606,711109632636.054,1456694166.80606,1,0.00204848043107805
1970,1790,Putnam,390,1370,24,1370,PUTNAM,Ohio,G3901370,Territory outline (No Population),385,0000,,,Territory outline (No Population),Northwest Territory,G3850000,1254139832.82536,711109632636.054,1254139832.82536,1,0.00176363780669982
1970,1790,Crawford,260,0390,23,390,CRAWFORD,Michigan,G2600390,Territory outline (No Population),385,0000,,,Territory outline (No Population),Northwest Territory,G3850000,1459111690.19152,711109632636.054,1459111690.19152,1,0.00205188008040709
1970,1790,Kewaunee,550,0610,25,610,KEWAUNEE,Wisconsin,G5500610,Territory outline (No Population),385,0000,,,Territory outline (No Population),Northwest Territory,G3850000,891197245.550544,711109632636.054,891197245.550544,1,0.00125324873219184
1970,1790,Mercer,170,1310,21,1310,MERCER,Illinois,G1701310,Territory outline (No Population),385,0000,,,Territory outline (No Population),Northwest Territory,G3850000,1473395382.98622,711109632636.054,1473395382.98622,1,0.00207196656516155
1970,1790,Clinton,390,0270,24,270,CLINTON,Ohio,G3900270,Territory outline (No Population),385,0000,,,Territory outline (No Population),Northwest Territory,G3850000,1067812424.93755,711109632636.054,1067812424.93755,1,0.00150161434458315
1970,1790,Vinton,390,1630,24,1630,VINTON,Ohio,G3901630,Territory outline (No Population),385,0000,,,Territory outline (No Population),Northwest Territory,G3850000,1074738951.98569,711109632636.054,1074738951.98569,1,0.00151135479349601
1970,1790,Kent,260,0810,23,810,KENT,Michigan,G2600810,Territory outline (No Population),385,0000,,,Territory outline (No Population),Northwest Territory,G3850000,2258916184.76041,711109632636.054,2258916184.76041,1,0.00317660748932159
1970,1790,Clinton,170,0270,21,270,CLINTON,Illinois,G1700270,Territory outline (No Population),385,0000,,,Territory outline (No Population),Northwest Territory,G3850000,1304007289.3831,711109632636.054,1304007289.3831,1,0.00183376406328402
1970,1790,Morrow,390,1170,24,1170,MORROW,Ohio,G3901170,Territory outline (No Population),385,0000,,,Territory outline (No Population),Northwest Territory,G3850000,1055044648.31635,711109632636.054,1055044648.31635,1,0.00148365962137982
1970,1790,Iowa,550,0490,25,490,IOWA,Wisconsin,G5500490,Territory outline (No Population),385,0000,,,Territory outline (No Population),Northwest Territory,G3850000,1989298667.88365,711109632636.054,1989298667.88365,1,0.00279745706791989
1970,1790,Mcdonough,170,1090,21,1090,MCDONOUGH,Illinois,G1701090,Territory outline (No Population),385,0000,,,Territory outline (No Population),Northwest Territory,G3850000,1528139491.2168,711109632636.054,1528139491.2168,1,0.0021489506274188
1970,1790,Champaign,390,0210,24,210,CHAMPAIGN,Ohio,G3900210,Territory outline (No Population),385,0000,,,Territory outline (No Population),Northwest Territory,G3850000,1112930233.90184,711109632636.054,1112930233.90184,1,0.00156506139535229
1970,1790,Carroll,390,0190,24,190,CARROLL,Ohio,G3900190,Territory outline (No Population),385,0000,,,Territory outline (No Population),Northwest Territory,G3850000,1033420238.20241,711109632636.054,1033420238.20241,1,0.00145325023143275
1970,1790,Kalkaska,260,0790,23,790,KALKASKA,Michigan,G2600790,Territory outline (No Population),385,0000,,,Territory outline (No Population),Northwest Territory,G3850000,1478242089.98716,711109632636.054,1478242089.98716,1,0.00207878226105218
1970,1790,Lucas,390,0950,24,950,LUCAS,Ohio,G3900950,Territory outline (No Population),385,0000,,,Territory outline (No Population),Northwest Territory,G3850000,898763533.006677,711109632636.054,898763533.006677,1,0.00126388884604895
1970,1790,Ozaukee,550,0890,25,890,OZAUKEE,Wisconsin,G5500890,Territory outline (No Population),385,0000,,,Territory outline (No Population),Northwest Territory,G3850000,606665175.807979,711109632636.054,606665175.807979,1,0.00085312467721622
1970,1790,Washington,170,1890,21,1890,WASHINGTON,Illinois,G1701890,Territory outline (No Population),385,0000,,,Territory outline (No Population),Northwest Territory,G3850000,1461062886.05945,711109632636.054,1461062886.05945,1,0.00205462395530117
1970,1790,Johnson,170,0870,21,870,JOHNSON,Illinois,G1700870,Territory outline (No Population),385,0000,,,Territory outline (No Population),Northwest Territory,G3850000,903589158.430087,711109632636.054,903589158.430087,1,0.00127067489590954
1970,1790,Benton,180,0070,22,70,BENTON,Indiana,G1800070,Territory outline (No Population),385,0000,,,Territory outline (No Population),Northwest Territory,G3850000,1052570376.21323,711109632636.054,1052570376.21323,1,0.00148018016900065
1970,1790,Washington,270,1630,33,1630,WASHINGTON,Minnesota,G2701630,Territory outline (No Population),385,0000,,,Territory outline (No Population),Northwest Territory,G3850000,1095970429.95452,711109632636.054,1095970429.95452,1,0.00154121162146518
1970,1790,Jefferson,550,0550,25,550,JEFFERSON,Wisconsin,G5500550,Territory outline (No Population),385,0000,,,Territory outline (No Population),Northwest Territory,G3850000,1509295156.06955,711109632636.054,1509295156.06955,1,0.00212245072602189
1970,1790,Koochiching,270,0710,33,710,KOOCHICHING,Minnesota,G2700710,Territory outline (No Population),385,0000,,,Territory outline (No Population),Northwest Territory,G3850000,8169434421.11386,711109632636.054,8169434421.11386,1,0.011488291040061
1970,1790,Ionia,260,0670,23,670,IONIA,Michigan,G2600670,Territory outline (No Population),385,0000,,,Territory outline (No Population),Northwest Territory,G3850000,1502778237.54522,711109632636.054,1502778237.54522,1,0.00211328629029321
1970,1790,Emmet,260,0470,23,470,EMMET,Michigan,G2600470,Territory outline (No Population),385,0000,,,Territory outline (No Population),Northwest Territory,G3850000,1251712294.79156,711109632636.054,1251712294.79156,1,0.00176022407424227
1970,1790,Jackson,550,0530,25,530,JACKSON,Wisconsin,G5500530,Territory outline (No Population),385,0000,,,Territory outline (No Population),Northwest Territory,G3850000,2590222128.98386,711109632636.054,2590222128.98386,1,0.00364250744204098
1970,1790,Calhoun,260,0250,23,250,CALHOUN,Michigan,G2600250,Territory outline (No Population),385,0000,,,Territory outline (No Population),Northwest Territory,G3850000,1860738407.57968,711109632636.054,1860738407.57968,1,0.0026166688259896
1970,1790,Clark,170,0230,21,230,CLARK,Illinois,G1700230,Territory outline (No Population),385,0000,,,Territory outline (No Population),Northwest Territory,G3850000,1307638740.39536,711109632636.054,1307638740.39536,1,0.00183887080188746
1970,1790,Defiance,390,0390,24,390,DEFIANCE,Ohio,G3900390,Territory outline (No Population),385,0000,,,Territory outline (No Population),Northwest Territory,G3850000,1072729775.1986,711109632636.054,1072729775.1986,1,0.00150852938276484
1970,1790,Sauk,550,1110,25,1110,SAUK,Wisconsin,G5501110,Territory outline (No Population),385,0000,,,Territory outline (No Population),Northwest Territory,G3850000,2197387636.42743,711109632636.054,2197387636.42743,1,0.00309008278833434
1970,1790,Crawford,170,0330,21,330,CRAWFORD,Illinois,G1700330,Territory outline (No Population),385,0000,,,Territory outline (No Population),Northwest Territory,G3850000,1154458814.61128,711109632636.054,1154458814.61128,1,0.00162346108339406
1970,1790,Pike,170,1490,21,1490,PIKE,Illinois,G1701490,Territory outline (No Population),385,0000,,,Territory outline (No Population),Northwest Territory,G3850000,2198568339.81429,711109632636.054,2198568339.81429,1,0.00309174315592419
1970,1790,Jasper,170,0790,21,790,JASPER,Illinois,G1700790,Territory outline (No Population),385,0000,,,Territory outline (No Population),Northwest Territory,G3850000,1289863674.6053,711109632636.054,1289863674.6053,1,0.00181387456365037
1970,1790,Gallatin,170,0590,21,590,GALLATIN,Illinois,G1700590,Territory outline (No Population),385,0000,,,Territory outline (No Population),Northwest Territory,G3850000,850575666.376157,711109632636.054,850575666.376157,1,0.00119612451771059
1970,1790,Marion,180,0970,22,970,MARION,Indiana,G1800970,Territory outline (No Population),385,0000,,,Territory outline (No Population),Northwest Territory,G3850000,1043869837.96236,711109632636.054,1043869837.96236,1,0.00146794501164719
1970,1790,Decatur,180,0310,22,310,DECATUR,Indiana,G1800310,Territory outline (No Population),385,0000,,,Territory outline (No Population),Northwest Territory,G3850000,967143823.328138,711109632636.054,967143823.328138,1,0.00136004882924026
1970,1790,Union,390,1590,24,1590,UNION,Ohio,G3901590,Territory outline (No Population),385,0000,,,Territory outline (No Population),Northwest Territory,G3850000,1131759297.62334,711109632636.054,1131759297.62334,1,0.00159153982126209
1970,1790,Douglas,170,0410,21,410,DOUGLAS,Illinois,G1700410,Territory outline (No Population),385,0000,,,Territory outline (No Population),Northwest Territory,G3850000,1081108614.82714,711109632636.054,1081108614.82714,1,0.0015203121504901
1970,1790,Luce,260,0950,23,950,LUCE,Michigan,G2600950,Territory outline (No Population),385,0000,,,Territory outline (No Population),Northwest Territory,G3850000,2401652015.48396,711109632636.054,2401652015.48396,1,0.00337733016860022
1970,1790,Mahoning,390,0990,24,990,MAHONING,Ohio,G3900990,Territory outline (No Population),385,0000,,,Territory outline (No Population),Northwest Territory,G3850000,1096551850.27319,711109632636.054,1096551850.27319,1,0.00154202924548823
1970,1790,Fulton,170,0570,21,570,FULTON,Illinois,G1700570,Territory outline (No Population),385,0000,,,Territory outline (No Population),Northwest Territory,G3850000,2285899327.77892,711109632636.054,2285899327.77892,1,0.00321455261308328
1970,1790,Iron,260,0710,23,710,IRON,Michigan,G2600710,Territory outline (No Population),385,0000,,,Territory outline (No Population),Northwest Territory,G3850000,3136449240.22926,711109632636.054,3136449240.22926,1,0.00441064091426039
1970,1790,Fayette,390,0470,24,470,FAYETTE,Ohio,G3900470,Territory outline (No Population),385,0000,,,Territory outline (No Population),Northwest Territory,G3850000,1054325618.25389,711109632636.054,1054325618.25389,1,0.00148264848325222
1970,1790,Newaygo,260,1230,23,1230,NEWAYGO,Michigan,G2601230,Territory outline (No Population),385,0000,,,Territory outline (No Population),Northwest Territory,G3850000,2230974445.96089,711109632636.054,2230974445.96089,1,0.00313731433744014
1970,1790,Pulaski,170,1530,21,1530,PULASKI,Illinois,G1701530,Territory outline (No Population),385,0000,,,Territory outline (No Population),Northwest Territory,G3850000,526632642.741171,711109632636.054,526632642.741171,1,0.000740578693596043
1970,1790,Lee,170,1030,21,1030,LEE,Illinois,G1701030,Territory outline (No Population),385,0000,,,Territory outline (No Population),Northwest Territory,G3850000,1888829200.96307,711109632636.054,1888829200.96307,1,0.00265617158631541
1970,1790,Price,550,0990,25,990,PRICE,Wisconsin,G5500990,Territory outline (No Population),385,0000,,,Territory outline (No Population),Northwest Territory,G3850000,3311038838.57261,711109632636.054,3311038838.57261,1,0.00465615804738676
1970,1790,Ohio,180,1150,22,1150,OHIO,Indiana,G1801150,Territory outline (No Population),385,0000,,,Territory outline (No Population),Northwest Territory,G3850000,226547806.278121,711109632636.054,226547806.278121,1,0.000318583514947362
1970,1790,Coshocton,390,0310,24,310,COSHOCTON,Ohio,G3900310,Territory outline (No Population),385,0000,,,Territory outline (No Population),Northwest Territory,G3850000,1470008136.82307,711109632636.054,1470008136.82307,1,0.00206720324034116
1970,1790,Highland,390,0710,24,710,HIGHLAND,Ohio,G3900710,Territory outline (No Population),385,0000,,,Territory outline (No Population),Northwest Territory,G3850000,1444798245.33962,711109632636.054,1444798245.33962,1,0.0020317517567352
1970,1790,Fairfield,390,0450,24,450,FAIRFIELD,Ohio,G3900450,Territory outline (No Population),385,0000,,,Territory outline (No Population),Northwest Territory,G3850000,1317257402.83232,711109632636.054,1317257402.83232,1,0.00185239707406198
1970,1790,Newton,180,1110,22,1110,NEWTON,Indiana,G1801110,Territory outline (No Population),385,0000,,,Territory outline (No Population),Northwest Territory,G3850000,1045141003.05309,711109632636.054,1045141003.05309,1,0.00146973259127259
1970,1790,Vermilion,170,1830,21,1830,VERMILION,Illinois,G1701830,Territory outline (No Population),385,0000,,,Territory outline (No Population),Northwest Territory,G3850000,2336514718.71731,711109632636.054,2336514718.71731,1,0.00328573065457705
1970,1790,Jackson,170,0770,21,770,JACKSON,Illinois,G1700770,Territory outline (No Population),385,0000,,,Territory outline (No Population),Northwest Territory,G3850000,1560540631.73992,711109632636.054,1560540631.73992,1,0.00219451482601221
1970,1790,Windham,090,0150,1,150,WINDHAM,Connecticut,G0900150,Windham,090,0150,1,150,WINDHAM,Connecticut,G0900150,1350582176.46931,1790216082.13068,1350582176.46931,1,0.754424111117285
1970,1790,New London,090,0110,1,110,NEW LONDON,Connecticut,G0900110,Windham,090,0150,1,150,WINDHAM,Connecticut,G0900150,1781000477.67104,1790216082.13068,258806412.033253,0.145315183953059,0.144567136122041
1970,1790,Tolland,090,0130,1,130,TOLLAND,Connecticut,G0900130,Windham,090,0150,1,150,WINDHAM,Connecticut,G0900150,1080049965.92191,1790216082.13068,180827493.763559,0.16742511871588,0.101008752836329
1970,1790,Charles,240,0170,52,150,CHARLES,Maryland,G2400170,Charles,240,0170,52,150,CHARLES,Maryland,G2400170,1200018503.8148,1200018503.8148,1200018503.8148,1,1
1970,1790,Morris,340,0270,12,270,MORRIS,New Jersey,G3400270,Morris,340,0270,12,270,MORRIS,New Jersey,G3400270,1246520576.66855,1246520576.66855,1246520576.66855,1,1
1970,1790,Treutlen,130,2830,44,2830,TREUTLEN,Georgia,G1302830,Washington,130,3030,44,3030,WASHINGTON,Georgia,G1303030,523680408.335479,9867459936.44072,523680408.335479,1,0.0530714501714384
1970,1790,Jenkins,130,1650,44,1650,JENKINS,Georgia,G1301650,Washington,130,3030,44,3030,WASHINGTON,Georgia,G1303030,912850366.233287,9867459936.44072,135515542.760445,0.148453183318122,0.0137335792223471
1970,1790,Emanuel,130,1070,44,1070,EMANUEL,Georgia,G1301070,Washington,130,3030,44,3030,WASHINGTON,Georgia,G1303030,1787962760.04867,9867459936.44072,1779482907.36095,0.995257254302378,0.180338498339302
1970,1790,Jefferson,130,1630,44,1630,JEFFERSON,Georgia,G1301630,Washington,130,3030,44,3030,WASHINGTON,Georgia,G1303030,1371566393.78501,9867459936.44072,377149911.338358,0.274977509690629,0.0382215802007501
1970,1790,Washington,130,3030,44,3030,WASHINGTON,Georgia,G1303030,Washington,130,3030,44,3030,WASHINGTON,Georgia,G1303030,1772536796.36315,9867459936.44072,1772536796.36315,1,0.179634557199177
1970,1790,Candler,130,0430,44,430,CANDLER,Georgia,G1300430,Washington,130,3030,44,3030,WASHINGTON,Georgia,G1303030,644432060.923984,9867459936.44072,471399389.633357,0.7314958677839,0.0477731242558655
1970,1790,Toombs,130,2790,44,2790,TOOMBS,Georgia,G1302790,Washington,130,3030,44,3030,WASHINGTON,Georgia,G1303030,954789968.861273,9867459936.44072,954789968.861273,1,0.0967614740785737
1970,1790,Montgomery,130,2090,44,2090,MONTGOMERY,Georgia,G1302090,Washington,130,3030,44,3030,WASHINGTON,Georgia,G1303030,640551881.132664,9867459936.44072,640551881.132664,1,0.0649155796181237
1970,1790,Baldwin,130,0090,44,90,BALDWIN,Georgia,G1300090,Washington,130,3030,44,3030,WASHINGTON,Georgia,G1303030,692823256.847062,9867459936.44072,199268771.212039,0.287618478800613,0.020194535624729
1970,1790,Laurens,130,1750,44,1750,LAURENS,Georgia,G1301750,Washington,130,3030,44,3030,WASHINGTON,Georgia,G1303030,2119951027.64234,9867459936.44072,611433190.260267,0.28841854471528,0.0619645982044712
1970,1790,Evans,130,1090,44,1090,EVANS,Georgia,G1301090,Washington,130,3030,44,3030,WASHINGTON,Georgia,G1303030,484023001.50204,9867459936.44072,6907591.39599609,0.0142712048282007,0.000700037440282501
1970,1790,Johnson,130,1670,44,1670,JOHNSON,Georgia,G1301670,Washington,130,3030,44,3030,WASHINGTON,Georgia,G1303030,793887676.877159,9867459936.44072,793887676.877159,1,0.0804551203643925
1970,1790,Bulloch,130,0310,44,310,BULLOCH,Georgia,G1300310,Washington,130,3030,44,3030,WASHINGTON,Georgia,G1303030,1784103976.79411,9867459936.44072,1013287.17118311,0.000567952980522978,0.000102689767955482
1970,1790,Hancock,130,1410,44,1410,HANCOCK,Georgia,G1301410,Washington,130,3030,44,3030,WASHINGTON,Georgia,G1303030,1239999471.42491,9867459936.44072,654492023.50779,0.527816372982562,0.0663283183031469
1970,1790,Tattnall,130,2670,44,2670,TATTNALL,Georgia,G1302670,Washington,130,3030,44,3030,WASHINGTON,Georgia,G1303030,1264506380.16289,9867459936.44072,945350586.087499,0.74760444147836,0.0958048567895676
1970,1790,Norton City,510,7200,40,7200,NORTON,Virginia,G5107200,Russell,510,1670,40,1670,RUSSELL,Virginia,G5101670,9422957.44485512,7510666018.64227,9422957.44485512,1,0.00125461010001861
1970,1790,Buchanan,510,0270,40,270,BUCHANAN,Virginia,G5100270,Russell,510,1670,40,1670,RUSSELL,Virginia,G5101670,1305055894.56638,7510666018.64227,1305055894.56638,1,0.173760341802857
1970,1790,Russell,510,1670,40,1670,RUSSELL,Virginia,G5101670,Russell,510,1670,40,1670,RUSSELL,Virginia,G5101670,1234823638.99824,7510666018.64227,1234823638.99824,1,0.164409339455819
1970,1790,McDowell,540,0470,56,470,MCDOWELL,West Virginia,G5400470,Russell,510,1670,40,1670,RUSSELL,Virginia,G5101670,1385398305.49311,7510666018.64227,303592813.137907,0.219137566383732,0.0404215568079259
1970,1790,Tazewell,510,1850,40,1850,TAZEWELL,Virginia,G5101850,Russell,510,1670,40,1670,RUSSELL,Virginia,G5101670,1346514226.00765,7510666018.64227,526432808.972762,0.390959708263617,0.0700913617602088
1970,1790,Lee,510,1050,40,1050,LEE,Virginia,G5101050,Russell,510,1670,40,1670,RUSSELL,Virginia,G5101670,1132654062.03578,7510666018.64227,1132654062.03578,1,0.150806074883959
1970,1790,Scott,510,1690,40,1690,SCOTT,Virginia,G5101690,Russell,510,1670,40,1670,RUSSELL,Virginia,G5101670,1395051313.18321,7510666018.64227,1074990193.76399,0.770573944918978,0.143128477700346
1970,1790,Wise,510,1950,40,1950,WISE,Virginia,G5101950,Russell,510,1670,40,1670,RUSSELL,Virginia,G5101670,1059606349.9223,7510666018.64227,1059606349.9223,1,0.141080211434279
1970,1790,Dickenson,510,0510,40,510,DICKENSON,Virginia,G5100510,Russell,510,1670,40,1670,RUSSELL,Virginia,G5101670,864087300.497358,7510666018.64227,864087300.497358,1,0.115048026147428
1970,1790,Rockingham,370,1570,47,1570,ROCKINGHAM,North Carolina,G3701570,Rockingham,370,1570,47,1570,ROCKINGHAM,North Carolina,G3701570,1482342453.86412,1482342453.86412,1482342453.86412,1,1
1970,1790,Martin,370,1170,47,1170,MARTIN,North Carolina,G3701170,Beaufort,370,0130,47,130,BEAUFORT,North Carolina,G3700130,1195263586.367,2036394596.41212,11215431.2116919,0.00938322838544853,0.00550749409345913
1970,1790,Pamlico,370,1370,47,1370,PAMLICO,North Carolina,G3701370,Beaufort,370,0130,47,130,BEAUFORT,North Carolina,G3700130,883598335.479375,2036394596.41212,272994836.215999,0.308958069808826,0.134057926050768
1970,1790,Beaufort,370,0130,47,130,BEAUFORT,North Carolina,G3700130,Beaufort,370,0130,47,130,BEAUFORT,North Carolina,G3700130,2159036164.78696,2036394596.41212,1752184328.91586,0.811558582247628,0.8604345798221
1970,1790,Berks,420,0110,14,110,BERKS,Pennsylvania,G4200110,Berks,420,0110,14,110,BERKS,Pennsylvania,G4200110,2242059613.62877,3721680463.06271,2242059613.62877,1,0.602432056131895
1970,1790,Schuylkill,420,1070,14,1070,SCHUYLKILL,Pennsylvania,G4201070,Berks,420,0110,14,110,BERKS,Pennsylvania,G4200110,2026939296.1496,3721680463.06271,1477395821.29302,0.728880151516872,0.396970088097574
1970,1790,Lebanon,420,0750,14,750,LEBANON,Pennsylvania,G4200750,Berks,420,0110,14,110,BERKS,Pennsylvania,G4200110,939129730.467336,3721680463.06271,2225031.24074761,0.00236924800542773,0.000597856603443208
1970,1790,Bradford,420,0150,14,150,BRADFORD,Pennsylvania,G4200150,Luzerne,420,0790,14,790,LUZERNE,Pennsylvania,G4200790,3007041256.67374,8928351378.56508,2790218016.75474,0.927894823711586,0.312512119925456
1970,1790,Sullivan,420,1130,14,1130,SULLIVAN,Pennsylvania,G4201130,Luzerne,420,0790,14,790,LUZERNE,Pennsylvania,G4200790,1171567581.32297,8928351378.56508,458821.640350819,0.000391630536441358,5.13892902392197e-05
1970,1790,Lackawanna,420,0690,14,690,LACKAWANNA,Pennsylvania,G4200690,Luzerne,420,0790,14,790,LUZERNE,Pennsylvania,G4200790,1203065052.29399,8928351378.56508,1203065052.29399,1,0.134746606767994
1970,1790,Susquehanna,420,1150,14,1150,SUSQUEHANNA,Pennsylvania,G4201150,Luzerne,420,0790,14,790,LUZERNE,Pennsylvania,G4200790,2155893017.84926,8928351378.56508,2155893017.84926,1,0.241465969072976
1970,1790,Lycoming,420,0810,14,810,LYCOMING,Pennsylvania,G4200810,Luzerne,420,0790,14,790,LUZERNE,Pennsylvania,G4200790,3221307179.05684,8928351378.56508,3974798.58262217,0.00123390858483293,0.000445188413189555
1970,1790,Luzerne,420,0790,14,790,LUZERNE,Pennsylvania,G4200790,Luzerne,420,0790,14,790,LUZERNE,Pennsylvania,G4200790,2349435589.31885,8928351378.56508,1767394070.2732,0.752263257740813,0.197953014541555
1970,1790,Wyoming,420,1310,14,1310,WYOMING,Pennsylvania,G4201310,Luzerne,420,0790,14,790,LUZERNE,Pennsylvania,G4200790,1048402447.05948,8928351378.56508,1007347603.42195,0.960840568664558,0.112825712240712
1970,1790,Rutland,500,0210,6,210,RUTLAND,Vermont,G5000210,Windsor,500,0270,6,270,WINDSOR,Vermont,G5000270,2446912646.92751,2592380331.68341,119932446.881453,0.0490137835660163,0.0462634457666838
1970,1790,Windsor,500,0270,6,270,WINDSOR,Vermont,G5000270,Windsor,500,0270,6,270,WINDSOR,Vermont,G5000270,2527195527.71016,2592380331.68341,2472447885.60919,0.978336602173963,0.953736554544706
1970,1790,Kent,240,0290,52,270,KENT,Maryland,G2400290,Kent,240,0290,52,270,KENT,Maryland,G2400290,739797916.36969,739797916.36969,739797916.36969,1,1
1970,1790,Warren,370,1850,47,1850,WARREN,North Carolina,G3701850,Warren,370,1850,47,1850,WARREN,North Carolina,G3701850,1149435445.02534,1356197248.63392,1149435445.02534,1,0.847542970746444
1970,1790,Vance,370,1810,47,1810,VANCE,North Carolina,G3701810,Warren,370,1850,47,1850,WARREN,North Carolina,G3701850,698839920.38947,1356197248.63392,206761803.60861,0.295864328261871,0.152457029253583
1970,1790,Hertford,370,0910,47,910,HERTFORD,North Carolina,G3700910,Hertford,370,0910,47,910,HERTFORD,North Carolina,G3700910,927917897.759552,927917897.759552,927917897.759552,1,1
1970,1790,Washington,500,0230,6,230,WASHINGTON,Vermont,G5000230,Chittenden,500,0070,6,70,CHITTENDEN,Vermont,G5000070,1801125223.63976,6968883135.80569,729110959.041875,0.404808588249332,0.104623789039559
1970,1790,Addison,500,0010,6,10,ADDISON,Vermont,G5000010,Chittenden,500,0070,6,70,CHITTENDEN,Vermont,G5000070,2093371534.47018,6968883135.80569,101552943.799913,0.0485116674836294,0.014572341338046
1970,1790,Franklin,500,0110,6,110,FRANKLIN,Vermont,G5000110,Chittenden,500,0070,6,70,CHITTENDEN,Vermont,G5000070,1792296279.64333,6968883135.80569,1792296279.64333,1,0.257185584076539
1970,1790,Grand Isle,500,0130,6,130,GRAND ISLE,Vermont,G5000130,Chittenden,500,0070,6,70,CHITTENDEN,Vermont,G5000070,504186357.725699,6968883135.80569,504186357.725699,1,0.0723482296804807
1970,1790,Lamoille,500,0150,6,150,LAMOILLE,Vermont,G5000150,Chittenden,500,0070,6,70,CHITTENDEN,Vermont,G5000070,1201077268.20132,6968883135.80569,1201077268.20132,1,0.172348602321979
1970,1790,Chittenden,500,0070,6,70,CHITTENDEN,Vermont,G5000070,Chittenden,500,0070,6,70,CHITTENDEN,Vermont,G5000070,1604840344.3116,6968883135.80569,1604840344.3116,1,0.230286591558127
1970,1790,Orleans,500,0190,6,190,ORLEANS,Vermont,G5000190,Chittenden,500,0070,6,70,CHITTENDEN,Vermont,G5000070,1867711533.43531,6968883135.80569,1035818974.46127,0.554592588800941,0.148634860748244
1970,1790,Waynesboro City,510,8200,40,8200,WAYNESBORO,Virginia,G5108200,Augusta,510,0150,40,150,AUGUSTA,Virginia,G5100150,19375443.010474,5855024622.00218,19375443.010474,1,0.00330919923678279
1970,1790,Bath,510,0170,40,170,BATH,Virginia,G5100170,Augusta,510,0150,40,150,AUGUSTA,Virginia,G5100150,1384509769.78432,5855024622.00218,916253067.398903,0.661788805969668,0.15649004514102
1970,1790,Staunton City,510,7900,40,7900,STAUNTON,Virginia,G5107900,Augusta,510,0150,40,150,AUGUSTA,Virginia,G5100150,22783807.6409842,5855024622.00218,22783807.6409842,1,0.00389132567527839
1970,1790,Augusta,510,0150,40,150,AUGUSTA,Virginia,G5100150,Augusta,510,0150,40,150,AUGUSTA,Virginia,G5100150,2563426142.92687,5855024622.00218,2563426142.92687,1,0.437816458242371
1970,1790,Highland,510,0910,40,910,HIGHLAND,Virginia,G5100910,Augusta,510,0150,40,150,AUGUSTA,Virginia,G5100150,1077064749.73175,5855024622.00218,1077064749.73175,1,0.183955631148727
1970,1790,Pocahontas,540,0750,56,750,POCAHONTAS,West Virginia,G5400750,Augusta,510,0150,40,150,AUGUSTA,Virginia,G5100150,2439395145.76435,5855024622.00218,1256121411.87212,0.51493150425145,0.214537340654698
1970,1790,Barnstable,250,0010,3,10,BARNSTABLE,Massachusetts,G2500010,Barnstable,250,0010,3,10,BARNSTABLE,Massachusetts,G2500010,1087060716.26913,1087060716.26913,1087060716.26913,1,1
1970,1790,Washington,500,0230,6,230,WASHINGTON,Vermont,G5000230,Orange,500,0170,6,170,ORANGE,Vermont,G5000170,1801125223.63976,7037552156.36457,962045038.650853,0.534135564825818,0.136701656666346
1970,1790,Orange,500,0170,6,170,ORANGE,Vermont,G5000170,Orange,500,0170,6,170,ORANGE,Vermont,G5000170,1791561305.48746,7037552156.36457,1791561305.48746,1,0.254571655837352
1970,1790,Windsor,500,0270,6,270,WINDSOR,Vermont,G5000270,Orange,500,0170,6,170,ORANGE,Vermont,G5000170,2527195527.71016,7037552156.36457,4133317.23104213,0.00163553519532667,0.000587323140092691
1970,1790,Caledonia,500,0050,6,50,CALEDONIA,Vermont,G5000050,Orange,500,0170,6,170,ORANGE,Vermont,G5000170,1702956192.58666,7037552156.36457,1702956192.58666,1,0.241981324578398
1970,1790,Essex,500,0090,6,90,ESSEX,Vermont,G5000090,Orange,500,0170,6,170,ORANGE,Vermont,G5000170,1744963720.3713,7037552156.36457,1744963720.3713,1,0.247950378427135
1970,1790,Orleans,500,0190,6,190,ORLEANS,Vermont,G5000190,Orange,500,0170,6,170,ORANGE,Vermont,G5000170,1867711533.43531,7037552156.36457,831892577.070224,0.445407420888016,0.118207660644885
1970,1790,Westmoreland,510,1930,40,1930,WESTMORELAND,Virginia,G5101930,Westmoreland,510,1930,40,1930,WESTMORELAND,Virginia,G5101930,608204479.274766,608204479.274766,608204479.274766,1,1
1970,1790,Queen Annes,240,0350,52,330,QUEEN ANNES,Maryland,G2400350,Queen Annes,240,0350,52,330,QUEEN ANNES,Maryland,G2400350,977359136.695962,977359136.695962,977359136.695962,1,1
1970,1790,Garrett,240,0230,52,210,GARRETT,Maryland,G2400230,Allegany,240,0010,52,10,ALLEGANY,Maryland,G2400010,1698766282.32504,2811984958.86387,1698766282.32504,1,0.604116418535681
1970,1790,Allegany,240,0010,52,10,ALLEGANY,Maryland,G2400010,Allegany,240,0010,52,10,ALLEGANY,Maryland,G2400010,1113218676.5387,2811984958.86387,1113218676.5387,1,0.395883581464276
1970,1790,Middlesex,510,1190,40,1190,MIDDLESEX,Virginia,G5101190,Middlesex,510,1190,40,1190,MIDDLESEX,Virginia,G5101190,344304245.997164,344304245.997164,344304245.997164,1,1
1970,1790,Lebanon,420,0750,14,750,LEBANON,Pennsylvania,G4200750,Dauphin,420,0430,14,430,DAUPHIN,Pennsylvania,G4200430,939129730.467336,2298651365.92819,854650022.346987,0.910044687778854,0.371804978786716
1970,1790,Dauphin,420,0430,14,430,DAUPHIN,Pennsylvania,G4200430,Dauphin,420,0430,14,430,DAUPHIN,Pennsylvania,G4200430,1444001346.7899,2298651365.92819,1444001346.7899,1,0.628195022609187
1970,1790,Christian,210,0470,51,470,CHRISTIAN,Kentucky,G2100470,Lincoln,510,1055,51,1370,LINCOLN,Virginia,G5101055,1875184352.22975,44446412172.6232,1875184352.22975,1,0.042189780019742
1970,1790,Livingston,210,1390,51,1390,LIVINGSTON,Kentucky,G2101390,Lincoln,510,1055,51,1370,LINCOLN,Virginia,G5101055,886295913.79305,44446412172.6232,886295913.79305,1,0.0199407752047749
1970,1790,Crittenden,210,0550,51,550,CRITTENDEN,Kentucky,G2100550,Lincoln,510,1055,51,1370,LINCOLN,Virginia,G5101055,960760278.035791,44446412172.6232,960760278.035791,1,0.0216161492249215
1970,1790,Bell,210,0130,51,130,BELL,Kentucky,G2100130,Lincoln,510,1055,51,1370,LINCOLN,Virginia,G5101055,935904714.561068,44446412172.6232,935904714.561068,1,0.0210569238058216
1970,1790,Mclean,210,1490,51,1490,MCLEAN,Kentucky,G2101490,Lincoln,510,1055,51,1370,LINCOLN,Virginia,G5101055,663488336.971207,44446412172.6232,281578211.968928,0.424390597812645,0.00633522928409431
1970,1790,Carlisle,210,0390,51,390,CARLISLE,Kentucky,G2100390,Lincoln,510,1055,51,1370,LINCOLN,Virginia,G5101055,515472880.582112,44446412172.6232,515472880.582112,1,0.011597626341134
1970,1790,Henderson,210,1010,51,1010,HENDERSON,Kentucky,G2101010,Lincoln,510,1055,51,1370,LINCOLN,Virginia,G5101055,1210135441.27773,44446412172.6232,1075737803.9297,0.888940003933677,0.0242030290263182
1970,1790,Knox,210,1210,51,1210,KNOX,Kentucky,G2101210,Lincoln,510,1055,51,1370,LINCOLN,Virginia,G5101055,1004149878.73853,44446412172.6232,1004149878.68383,0.999999999945524,0.0225923720183276
1970,1790,Caldwell,210,0330,51,330,CALDWELL,Kentucky,G2100330,Lincoln,510,1055,51,1370,LINCOLN,Virginia,G5101055,901775980.137936,44446412172.6232,901775980.137936,1,0.0202890612775577
1970,1790,Calloway,210,0350,51,350,CALLOWAY,Kentucky,G2100350,Lincoln,510,1055,51,1370,LINCOLN,Virginia,G5101055,1063932980.99176,44446412172.6232,1063932980.99176,1,0.0239374322692145
1970,1790,Ballard,210,0070,51,70,BALLARD,Kentucky,G2100070,Lincoln,510,1055,51,1370,LINCOLN,Virginia,G5101055,708624009.56464,44446412172.6232,708624009.56464,1,0.0159433343418688
1970,1790,Garrard,210,0790,51,790,GARRARD,Kentucky,G2100790,Lincoln,510,1055,51,1370,LINCOLN,Virginia,G5101055,605739199.975621,44446412172.6232,276483618.130884,0.456440029210609,0.00622060599755641
1970,1790,Edmonson,210,0610,51,610,EDMONSON,Kentucky,G2100610,Lincoln,510,1055,51,1370,LINCOLN,Virginia,G5101055,797751917.653194,44446412172.6232,331478453.307084,0.415515708545357,0.00745793500765982
1970,1790,Letcher,210,1330,51,1330,LETCHER,Kentucky,G2101330,Lincoln,510,1055,51,1370,LINCOLN,Virginia,G5101055,878317568.631551,44446412172.6232,88147167.8622022,0.100359108152122,0.00198322347189357
1970,1790,Mccreary,210,1470,51,1470,MCCREARY,Kentucky,G2101470,Lincoln,510,1055,51,1370,LINCOLN,Virginia,G5101055,1115358754.66932,44446412172.6232,1115358754.66932,1,0.0250944609508059
1970,1790,Hickman,210,1050,51,1050,HICKMAN,Kentucky,G2101050,Lincoln,510,1055,51,1370,LINCOLN,Virginia,G5101055,655105297.770144,44446412172.6232,655105297.770144,1,0.0147392166374603
1970,1790,Pulaski,210,1990,51,1990,PULASKI,Kentucky,G2101990,Lincoln,510,1055,51,1370,LINCOLN,Virginia,G5101055,1753566700.43226,44446412172.6232,1753566700.43226,1,0.0394535039998655
1970,1790,Barren,210,0090,51,90,BARREN,Kentucky,G2100090,Lincoln,510,1055,51,1370,LINCOLN,Virginia,G5101055,1294816822.16273,44446412172.6232,1294816822.16273,1,0.0291320887079447
1970,1790,Union,210,2250,51,2250,UNION,Kentucky,G2102250,Lincoln,510,1055,51,1370,LINCOLN,Virginia,G5101055,941277687.92468,44446412172.6232,941277687.92468,1,0.0211778103543859
1970,1790,Rockcastle,210,2030,51,2030,ROCKCASTLE,Kentucky,G2102030,Lincoln,510,1055,51,1370,LINCOLN,Virginia,G5101055,823779477.498034,44446412172.6232,610799256.727811,0.7414596665881,0.0137423748480656
1970,1790,Monroe,210,1710,51,1710,MONROE,Kentucky,G2101710,Lincoln,510,1055,51,1370,LINCOLN,Virginia,G5101055,860151026.952176,44446412172.6232,860151026.952176,1,0.0193525412942552
1970,1790,Allen,210,0030,51,30,ALLEN,Kentucky,G2100030,Lincoln,510,1055,51,1370,LINCOLN,Virginia,G5101055,911787600.654796,44446412172.6232,911787600.654796,1,0.0205143127664287
1970,1790,Fulton,210,0750,51,750,FULTON,Kentucky,G2100750,Lincoln,510,1055,51,1370,LINCOLN,Virginia,G5101055,597116621.207489,44446412172.6232,597116621.207489,1,0.0134345291783818
1970,1790,Green,210,0870,51,870,GREEN,Kentucky,G2100870,Lincoln,510,1055,51,1370,LINCOLN,Virginia,G5101055,747932685.324604,44446412172.6232,391937324.457914,0.524027539039576,0.00881819938436624
1970,1790,Webster,210,2330,51,2330,WEBSTER,Kentucky,G2102330,Lincoln,510,1055,51,1370,LINCOLN,Virginia,G5101055,869415477.098328,44446412172.6232,869415477.098328,1,0.0195609821940554
1970,1790,Muhlenberg,210,1770,51,1770,MUHLENBERG,Kentucky,G2101770,Lincoln,510,1055,51,1370,LINCOLN,Virginia,G5101055,1241732406.46893,44446412172.6232,1241732406.46893,1,0.0279377422331916
1970,1790,Wayne,210,2310,51,2310,WAYNE,Kentucky,G2102310,Lincoln,510,1055,51,1370,LINCOLN,Virginia,G5101055,1254078844.17265,44446412172.6232,1254078844.17265,1,0.0282155247830128
1970,1790,Simpson,210,2130,51,2130,SIMPSON,Kentucky,G2102130,Lincoln,510,1055,51,1370,LINCOLN,Virginia,G5101055,611738558.675446,44446412172.6232,611738558.675446,1,0.0137635082062315
1970,1790,Graves,210,0830,51,830,GRAVES,Kentucky,G2100830,Lincoln,510,1055,51,1370,LINCOLN,Virginia,G5101055,1441234254.71073,44446412172.6232,1441234254.71073,1,0.0324263350911923
1970,1790,Lyon,210,1430,51,1430,LYON,Kentucky,G2101430,Lincoln,510,1055,51,1370,LINCOLN,Virginia,G5101055,664120673.654902,44446412172.6232,664120673.654902,1,0.0149420536144865
1970,1790,Todd,210,2190,51,2190,TODD,Kentucky,G2102190,Lincoln,510,1055,51,1370,LINCOLN,Virginia,G5101055,976358000.176785,44446412172.6232,976358000.176785,1,0.0219670824359176
1970,1790,Whitley,210,2350,51,2350,WHITLEY,Kentucky,G2102350,Lincoln,510,1055,51,1370,LINCOLN,Virginia,G5101055,1152924521.4596,44446412172.6232,1152924521.4596,1,0.02593965328364
1970,1790,Metcalfe,210,1690,51,1690,METCALFE,Kentucky,G2101690,Lincoln,510,1055,51,1370,LINCOLN,Virginia,G5101055,753598146.030529,44446412172.6232,753598146.030529,1,0.0169552076127915
1970,1790,Warren,210,2270,51,2270,WARREN,Kentucky,G2102270,Lincoln,510,1055,51,1370,LINCOLN,Virginia,G5101055,1418520047.21406,44446412172.6232,1418520047.21406,1,0.0319152880485547
1970,1790,Mccracken,210,1450,51,1450,MCCRACKEN,Kentucky,G2101450,Lincoln,510,1055,51,1370,LINCOLN,Virginia,G5101055,694324902.149062,44446412172.6232,694324902.149062,1,0.0156216186686207
1970,1790,Boyle,210,0210,51,210,BOYLE,Kentucky,G2100210,Lincoln,510,1055,51,1370,LINCOLN,Virginia,G5101055,473937343.444294,44446412172.6232,140383965.01131,0.296207857332118,0.00315849937371953
1970,1790,Lincoln,210,1370,51,1370,LINCOLN,Kentucky,G2101370,Lincoln,510,1055,51,1370,LINCOLN,Virginia,G5101055,871459762.968646,44446412172.6232,871459762.968646,1,0.019606976589787
1970,1790,Logan,210,1410,51,1410,LOGAN,Kentucky,G2101410,Lincoln,510,1055,51,1370,LINCOLN,Virginia,G5101055,1442879826.47886,44446412172.6232,1442879826.47886,1,0.0324633588167911
1970,1790,Hopkins,210,1070,51,1070,HOPKINS,Kentucky,G2101070,Lincoln,510,1055,51,1370,LINCOLN,Virginia,G5101055,1435465370.74658,44446412172.6232,1435465370.74658,1,0.0322965409484899
1970,1790,Hart,210,0990,51,990,HART,Kentucky,G2100990,Lincoln,510,1055,51,1370,LINCOLN,Virginia,G5101055,1082393340.3433,44446412172.6232,419007653.241997,0.387112187062332,0.00942725481675853
1970,1790,Adair,210,0010,51,10,ADAIR,Kentucky,G2100010,Lincoln,510,1055,51,1370,LINCOLN,Virginia,G5101055,1067677048.00562,44446412172.6232,890762506.011121,0.834299573710079,0.0200412690804273
1970,1790,Butler,210,0310,51,310,BUTLER,Kentucky,G2100310,Lincoln,510,1055,51,1370,LINCOLN,Virginia,G5101055,1117641311.56669,44446412172.6232,631668086.96309,0.56517961570124,0.0142119027405359
1970,1790,Laurel,210,1250,51,1250,LAUREL,Kentucky,G2101250,Lincoln,510,1055,51,1370,LINCOLN,Virginia,G5101055,1149286633.41083,44446412172.6232,1149286633.41083,1,0.0258578044263094
1970,1790,Harlan,210,0950,51,950,HARLAN,Kentucky,G2100950,Lincoln,510,1055,51,1370,LINCOLN,Virginia,G5101055,1212048376.92872,44446412172.6232,1093892395.65449,0.902515457696804,0.0246114892560052
1970,1790,Trigg,210,2210,51,2210,TRIGG,Kentucky,G2102210,Lincoln,510,1055,51,1370,LINCOLN,Virginia,G5101055,1246124337.77524,44446412172.6232,1246124337.77524,1,0.0280365563127004
1970,1790,Cumberland,210,0570,51,570,CUMBERLAND,Kentucky,G2100570,Lincoln,510,1055,51,1370,LINCOLN,Virginia,G5101055,805090685.757938,44446412172.6232,805090685.757938,1,0.0181137384639977
1970,1790,Marshall,210,1570,51,1570,MARSHALL,Kentucky,G2101570,Lincoln,510,1055,51,1370,LINCOLN,Virginia,G5101055,881424226.137772,44446412172.6232,881424226.137772,1,0.0198311670853083
1970,1790,Clinton,210,0530,51,530,CLINTON,Kentucky,G2100530,Lincoln,510,1055,51,1370,LINCOLN,Virginia,G5101055,532350397.572118,44446412172.6232,532350397.572118,1,0.0119773536614058
1970,1790,Casey,210,0450,51,450,CASEY,Kentucky,G2100450,Lincoln,510,1055,51,1370,LINCOLN,Virginia,G5101055,1154433773.09062,44446412172.6232,1045464314.09074,0.9056078732796,0.0235219056609185
1970,1790,Russell,210,2070,51,2070,RUSSELL,Kentucky,G2102070,Lincoln,510,1055,51,1370,LINCOLN,Virginia,G5101055,732518061.01182,44446412172.6232,732518061.01182,1,0.0164809266981288
1970,1790,Taylor,210,2170,51,2170,TAYLOR,Kentucky,G2102170,Lincoln,510,1055,51,1370,LINCOLN,Virginia,G5101055,717550600.9753,44446412172.6232,13144780.7114727,0.0183189599362139,0.000295744472251672
1970,1790,Gates,370,0730,47,730,GATES,North Carolina,G3700730,Gates,370,0730,47,730,GATES,North Carolina,G3700730,893838902.77565,893838902.77565,893838902.77565,1,1
1970,1790,Buena Vista City,510,5300,40,5300,BUENA VISTA,Virginia,G5105300,Rockbridge,510,1630,40,1630,ROCKBRIDGE,Virginia,G5101630,7736341.08129294,1565904920.07823,7736341.08129294,1,0.00494049222407861
1970,1790,Lexington City,510,6780,40,6780,LEXINGTON,Virginia,G5106780,Rockbridge,510,1630,40,1630,ROCKBRIDGE,Virginia,G5101630,6458618.69919815,1565904920.07823,6458618.69919815,1,0.00412452800702324
1970,1790,Rockbridge,510,1630,40,1630,ROCKBRIDGE,Virginia,G5101630,Rockbridge,510,1630,40,1630,ROCKBRIDGE,Virginia,G5101630,1566492186.22274,1565904920.07823,1551709961.02465,0.990563486158369,0.990934980233106
1970,1790,Jenkins,130,1650,44,1650,JENKINS,Georgia,G1301650,Burke,130,0330,44,330,BURKE,Georgia,G1300330,912850366.233287,4411427257.8882,531305802.156964,0.582029456097281,0.120438527283187
1970,1790,Jefferson,130,1630,44,1630,JEFFERSON,Georgia,G1301630,Burke,130,0330,44,330,BURKE,Georgia,G1300330,1371566393.78501,4411427257.8882,868375503.760357,0.633126845113176,0.196846837314973
1970,1790,Screven,130,2510,44,2510,SCREVEN,Georgia,G1302510,Burke,130,0330,44,330,BURKE,Georgia,G1300330,1697982333.6969,4411427257.8882,805539061.516816,0.474409565712603,0.18260282090709
1970,1790,Glascock,130,1250,44,1250,GLASCOCK,Georgia,G1301250,Burke,130,0330,44,330,BURKE,Georgia,G1300330,374130626.384482,4411427257.8882,43569009.241487,0.116454003411933,0.00987639752272465
1970,1790,Burke,130,0330,44,330,BURKE,Georgia,G1300330,Burke,130,0330,44,330,BURKE,Georgia,G1300330,2162637886.72803,4411427257.8882,2162637886.72803,1,0.49023541822229
1970,1790,Pendelton,540,0710,56,710,PENDLETON,West Virginia,G5400710,Pendelton,510,1415,40,1415,PENDLETON,Virginia,G5101415,1808217096.7559,1808217096.7559,1808217096.7559,1,1
1970,1790,Nottoway,510,1350,40,1350,NOTTOWAY,Virginia,G5101350,Amelia,510,0070,40,70,AMELIA,Virginia,G5100070,818704240.790853,1747328250.42162,818704240.790853,1,0.468546331001806
1970,1790,Amelia,510,0070,40,70,AMELIA,Virginia,G5100070,Amelia,510,0070,40,70,AMELIA,Virginia,G5100070,928624009.631112,1747328250.42162,928624009.631112,1,0.531453668998394
1970,1790,Carroll,330,0030,4,30,CARROLL,New Hampshire,G3300030,Strafford,330,0170,4,170,STRAFFORD,New Hampshire,G3300170,2569846338.1636,3999569802.53315,1787655035.9108,0.695627209052603,0.4469618294394
1970,1790,Belknap,330,0010,4,10,BELKNAP,New Hampshire,G3300010,Strafford,330,0170,4,170,STRAFFORD,New Hampshire,G3300170,1213535450.01776,3999569802.53315,1213535450.01776,1,0.303416494756301
1970,1790,Merrimack,330,0130,4,130,MERRIMACK,New Hampshire,G3300130,Strafford,330,0170,4,170,STRAFFORD,New Hampshire,G3300170,2477274400.3617,3999569802.53315,13070592.0744608,0.0052761987418723,0.00326799948989076
1970,1790,Rockingham,330,0150,4,150,ROCKINGHAM,New Hampshire,G3300150,Strafford,330,0170,4,170,STRAFFORD,New Hampshire,G3300170,1849456161.96073,3999569802.53315,14371.2369270828,7.77052044956117e-06,3.5931956776903e-06
1970,1790,Strafford,330,0170,4,170,STRAFFORD,New Hampshire,G3300170,Strafford,330,0170,4,170,STRAFFORD,New Hampshire,G3300170,985294353.57259,3999569802.53315,985294353.57259,1,0.246350083188584
1970,1790,Nassau,360,0590,13,590,NASSAU,New York,G3600590,Queens,360,0810,13,810,QUEENS,New York,G3600810,749640752.493341,1041509711.47034,749640752.493341,1,0.71976357420138
1970,1790,Queens,360,0810,13,810,QUEENS,New York,G3600810,Queens,360,0810,13,810,QUEENS,New York,G3600810,291964464.299226,1041509711.47034,291868958.901697,0.999672886911909,0.280236425726317
1970,1790,Hampden,250,0130,3,130,HAMPDEN,Massachusetts,G2500130,Worcester,250,0270,3,270,WORCESTER,Massachusetts,G2500270,1642345438.337,4036263230.31618,758418.01890865,0.000461789585311971,0.000187901030143973
1970,1790,Worcester,250,0270,3,270,WORCESTER,Massachusetts,G2500270,Worcester,250,0270,3,270,WORCESTER,Massachusetts,G2500270,4089604891.4053,4036263230.31618,4021307832.01012,0.98329983917549,0.996294741583323
1970,1790,Middlesex,250,0170,3,170,MIDDLESEX,Massachusetts,G2500170,Worcester,250,0270,3,270,WORCESTER,Massachusetts,G2500270,2194802062.65308,4036263230.31618,13726258.7429394,0.00625398480186731,0.00340073428309684
1970,1790,Norfolk,250,0210,3,210,NORFOLK,Massachusetts,G2500210,Worcester,250,0270,3,270,WORCESTER,Massachusetts,G2500270,1060181122.86782,4036263230.31618,470725.358410996,0.000444004659446936,0.000116624048420678
1970,1790,Salem,340,0330,12,330,SALEM,New Jersey,G3400330,Salem,340,0330,12,330,SALEM,New Jersey,G3400330,902475628.327232,902475628.327232,902475628.327232,1,1
1970,1790,Nantucket,250,0190,3,190,NANTUCKET,Massachusetts,G2500190,Nantucket,250,0190,3,190,NANTUCKET,Massachusetts,G2500190,128521985.680905,128521985.680905,128521985.680905,1,1
1970,1790,King George,510,0990,40,990,KING GEORGE,Virginia,G5100990,King George,510,0990,40,990,KING GEORGE,Virginia,G5100990,477588273.733056,477588273.733056,477588273.733056,1,1
1970,1790,Prince William,510,1530,40,1530,PRINCE WILLIAM,Virginia,G5101530,Prince William,510,1530,40,1530,PRINCE WILLIAM,Virginia,G5101530,917083661.272363,917125584.859127,917083661.272363,1,0.99995428806321
1970,1790,Stafford,510,1790,40,1790,STAFFORD,Virginia,G5101790,Prince William,510,1530,40,1530,PRINCE WILLIAM,Virginia,G5101530,710012908.767168,917125584.859127,41923.586763744,5.90462317601212e-05,4.57119367901873e-05
1970,1790,St Marys,240,0370,52,370,ST MARYS,Maryland,G2400370,St Marys,240,0370,52,370,ST MARYS,Maryland,G2400370,950234489.014634,950234489.014634,950234489.014634,1,1
1970,1790,Fredericksburg City,510,6300,40,6300,FREDERICKSBURG,Virginia,G5106300,Spotsylvania,510,1770,40,1770,SPOTSYLVANIA,Virginia,G5101770,15834060.5687406,1095025655.53452,15834060.5687406,1,0.0144599904931099
1970,1790,Spotsylvania,510,1770,40,1770,SPOTSYLVANIA,Virginia,G5101770,Spotsylvania,510,1770,40,1770,SPOTSYLVANIA,Virginia,G5101770,1079191594.83074,1095025655.53452,1079191594.83074,1,0.985540009383568
1970,1790,Forest,420,0530,14,530,FOREST,Pennsylvania,G4200530,Allegheny,420,0030,14,30,ALLEGHENY,Pennsylvania,G4200030,1117293876.40216,14978931835.0191,113917776.193467,0.10195865080752,0.00760520025380851
1970,1790,Venango,420,1210,14,1210,VENANGO,Pennsylvania,G4201210,Allegheny,420,0030,14,30,ALLEGHENY,Pennsylvania,G4200030,1769011201.49323,14978931835.0191,1237361163.10177,0.699464854748974,0.0826067690760806
1970,1790,Beaver,420,0070,14,70,BEAVER,Pennsylvania,G4200070,Allegheny,420,0030,14,30,ALLEGHENY,Pennsylvania,G4200030,1149702633.45392,14978931835.0191,1019822719.47484,0.88703173307614,0.068083808024989
1970,1790,Mercer,420,0850,14,850,MERCER,Pennsylvania,G4200850,Allegheny,420,0030,14,30,ALLEGHENY,Pennsylvania,G4200030,1767846597.46985,14978931835.0191,1767846597.46985,1,0.118022207253579
1970,1790,Butler,420,0190,14,190,BUTLER,Pennsylvania,G4200190,Allegheny,420,0030,14,30,ALLEGHENY,Pennsylvania,G4200030,2058483958.57549,14978931835.0191,2058483958.57549,1,0.137425283808488
1970,1790,Allegheny,420,0030,14,30,ALLEGHENY,Pennsylvania,G4200030,Allegheny,420,0030,14,30,ALLEGHENY,Pennsylvania,G4200030,1928785149.31089,14978931835.0191,1928785149.31089,1,0.128766534927518
1970,1790,Erie,420,0490,14,490,ERIE,Pennsylvania,G4200490,Allegheny,420,0030,14,30,ALLEGHENY,Pennsylvania,G4200030,2082480045.13504,14978931835.0191,1215998889.48144,0.583918627370372,0.0811806144039305
1970,1790,Warren,420,1230,14,1230,WARREN,Pennsylvania,G4201230,Allegheny,420,0030,14,30,ALLEGHENY,Pennsylvania,G4200030,2325296481.82688,14978931835.0191,1512075497.5531,0.650272130616705,0.100946817450496
1970,1790,Armstrong,420,0050,14,50,ARMSTRONG,Pennsylvania,G4200050,Allegheny,420,0030,14,30,ALLEGHENY,Pennsylvania,G4200030,1720892012.26738,14978931835.0191,497381226.442993,0.289025239757875,0.0332053868674514
1970,1790,Lawrence,420,0730,14,730,LAWRENCE,Pennsylvania,G4200730,Allegheny,420,0030,14,30,ALLEGHENY,Pennsylvania,G4200030,939551041.258745,14978931835.0191,939551041.258745,1,0.0627248358966545
1970,1790,Crawford,420,0390,14,390,CRAWFORD,Pennsylvania,G4200390,Allegheny,420,0030,14,30,ALLEGHENY,Pennsylvania,G4200030,2687707814.48183,14978931835.0191,2687707814.48183,1,0.179432541925204
1970,1790,Orange,360,0710,13,710,ORANGE,New York,G3600710,Ulster,360,1110,13,1110,ULSTER,New York,G3601110,2171806581.04385,9353676908.45086,884338920.902534,0.407190460062741,0.0945445229248352
1970,1790,Delaware,360,0250,13,250,DELAWARE,New York,G3600250,Ulster,360,1110,13,1110,ULSTER,New York,G3601110,3802175878.68107,9353676908.45086,2226425593.36371,0.58556617694814,0.238026779752482
1970,1790,Sullivan,360,1050,13,1050,SULLIVAN,New York,G3601050,Ulster,360,1110,13,1110,ULSTER,New York,G3601110,2581820154.91707,9353676908.45086,2581820154.91707,1,0.276021951601134
1970,1790,Greene,360,0390,13,390,GREENE,New York,G3600390,Ulster,360,1110,13,1110,ULSTER,New York,G3601110,1704542562.68618,9353676908.45086,654767366.479384,0.384130840034608,0.0700010672688315
1970,1790,Ulster,360,1110,13,1110,ULSTER,New York,G3601110,Ulster,360,1110,13,1110,ULSTER,New York,G3601110,3006324878.02526,9353676908.45086,3006324878.02526,1,0.321405679012615
1970,1790,Marion,210,1550,51,1550,MARION,Kentucky,G2101550,Nelson (old),510,1255,51,1790,NELSON,Virginia,G5101255,898368420.473763,16267265513.7432,898368420.473763,1,0.055225533739201
1970,1790,Mclean,210,1490,51,1490,MCLEAN,Kentucky,G2101490,Nelson (old),510,1255,51,1790,NELSON,Virginia,G5101255,663488336.971207,16267265513.7432,381910125.773616,0.575609403349903,0.0234772172035285
1970,1790,Henderson,210,1010,51,1010,HENDERSON,Kentucky,G2101010,Nelson (old),510,1255,51,1790,NELSON,Virginia,G5101255,1210135441.27773,16267265513.7432,134397637.348018,0.11105999606632,0.00826184568232901
1970,1790,Washington,210,2290,51,2290,WASHINGTON,Kentucky,G2102290,Nelson (old),510,1255,51,1790,NELSON,Virginia,G5101255,780934681.711671,16267265513.7432,780934681.711671,1,0.0480065122839429
1970,1790,Mercer,210,1670,51,1670,MERCER,Kentucky,G2101670,Nelson (old),510,1255,51,1790,NELSON,Virginia,G5101255,655559962.614562,16267265513.7432,10409858.802972,0.0158793388806944,0.000639926777747455
1970,1790,Ohio,210,1830,51,1830,OHIO,Kentucky,G2101830,Nelson (old),510,1255,51,1790,NELSON,Virginia,G5101255,1545527319.94144,16267265513.7432,1545527319.94144,1,0.095008427730876
1970,1790,Edmonson,210,0610,51,610,EDMONSON,Kentucky,G2100610,Nelson (old),510,1255,51,1790,NELSON,Virginia,G5101255,797751917.653194,16267265513.7432,466273466.392191,0.584484294019452,0.0286632972209292
1970,1790,Meade,210,1630,51,1630,MEADE,Kentucky,G2101630,Nelson (old),510,1255,51,1790,NELSON,Virginia,G5101255,839721268.594062,16267265513.7432,839721268.594062,1,0.0516203087657625
1970,1790,Nelson,210,1790,51,1790,NELSON,Kentucky,G2101790,Nelson (old),510,1255,51,1790,NELSON,Virginia,G5101255,1098347851.39255,16267265513.7432,1098347851.39255,1,0.0675188986412394
1970,1790,Spencer,210,2150,51,2150,SPENCER,Kentucky,G2102150,Nelson (old),510,1255,51,1790,NELSON,Virginia,G5101255,496752794.766608,16267265513.7432,157803222.025765,0.317669520309204,0.00970066062378136
1970,1790,Grayson,210,0850,51,850,GRAYSON,Kentucky,G2100850,Nelson (old),510,1255,51,1790,NELSON,Virginia,G5101255,1323096070.67858,16267265513.7432,1323096070.67858,1,0.0813348789051719
1970,1790,Anderson,210,0050,51,50,ANDERSON,Kentucky,G2100050,Nelson (old),510,1255,51,1790,NELSON,Virginia,G5101255,529091517.044834,16267265513.7432,165590516.627236,0.312971407200248,0.0101793701275324
1970,1790,Green,210,0870,51,870,GREEN,Kentucky,G2100870,Nelson (old),510,1255,51,1790,NELSON,Virginia,G5101255,747932685.324604,16267265513.7432,355995361.674872,0.475972462040978,0.0218841551073298
1970,1790,Daviess,210,0590,51,590,DAVIESS,Kentucky,G2100590,Nelson (old),510,1255,51,1790,NELSON,Virginia,G5101255,1233545087.98517,16267265513.7432,1233545087.98517,1,0.0758298982052657
1970,1790,Larue,210,1230,51,1230,LARUE,Kentucky,G2101230,Nelson (old),510,1255,51,1790,NELSON,Virginia,G5101255,683038177.672724,16267265513.7432,683038177.672724,1,0.0419885061257326
1970,1790,Hancock,210,0910,51,910,HANCOCK,Kentucky,G2100910,Nelson (old),510,1255,51,1790,NELSON,Virginia,G5101255,515206514.372833,16267265513.7432,515206514.372833,1,0.0316713656599241
1970,1790,Breckinridge,210,0270,51,270,BRECKINRIDGE,Kentucky,G2100270,Nelson (old),510,1255,51,1790,NELSON,Virginia,G5101255,1516508049.55332,16267265513.7432,1516508049.55332,1,0.0932245218639927
1970,1790,Hart,210,0990,51,990,HART,Kentucky,G2100990,Nelson (old),510,1255,51,1790,NELSON,Virginia,G5101255,1082393340.3433,16267265513.7432,663385691.114126,0.612887816645032,0.0407804059356918
1970,1790,Hardin,210,0930,51,930,HARDIN,Kentucky,G2100930,Nelson (old),510,1255,51,1790,NELSON,Virginia,G5101255,1631333637.13161,16267265513.7432,1631333637.13161,1,0.100283212058806
1970,1790,Adair,210,0010,51,10,ADAIR,Kentucky,G2100010,Nelson (old),510,1255,51,1790,NELSON,Virginia,G5101255,1067677048.00562,16267265513.7432,176914544.202875,0.165700428358318,0.0108754937363881
1970,1790,Butler,210,0310,51,310,BUTLER,Kentucky,G2100310,Nelson (old),510,1255,51,1790,NELSON,Virginia,G5101255,1117641311.56669,16267265513.7432,485973226.136887,0.434820385670658,0.0298743034424759
1970,1790,Casey,210,0450,51,450,CASEY,Kentucky,G2100450,Nelson (old),510,1255,51,1790,NELSON,Virginia,G5101255,1154433773.09062,16267265513.7432,108969458.999903,0.0943921267204206,0.00669869554338079
1970,1790,Bullitt,210,0290,51,290,BULLITT,Kentucky,G2100290,Nelson (old),510,1255,51,1790,NELSON,Virginia,G5101255,777512884.182311,16267265513.7432,389609504.652931,0.501097168393129,0.0239505222511906
1970,1790,Taylor,210,2170,51,2170,TAYLOR,Kentucky,G2102170,Nelson (old),510,1255,51,1790,NELSON,Virginia,G5101255,717550600.9753,16267265513.7432,704405820.22492,0.981681040009563,0.0433020423518515
1970,1790,Sumter,450,0850,48,850,SUMTER,South Carolina,G4500850,Sumter,450,0850,48,240,CLAREMONT,South Carolina,G4500850,1766482792.73295,2757346937.48748,1617616824.19878,0.915727473176314,0.58665697892655
1970,1790,Lee,450,0610,48,610,LEE,South Carolina,G4500610,Sumter,450,0850,48,240,CLAREMONT,South Carolina,G4500850,1065276834.26646,2757346937.48748,918892975.120214,0.862586086135021,0.333252577913723
1970,1790,Kershaw,450,0550,48,550,KERSHAW,South Carolina,G4500550,Sumter,450,0850,48,240,CLAREMONT,South Carolina,G4500850,2031435741.02372,2757346937.48748,220837137.488787,0.108709880912846,0.0800904429132215
1970,1790,Caroline,240,0110,52,90,CAROLINE,Maryland,G2400110,Caroline,240,0110,52,90,CAROLINE,Maryland,G2400110,841326492.892624,835527164.077169,835527164.077255,0.993106922384639,1.0000000000001
1970,1790,Spartanburg,450,0830,48,830,SPARTANBURG,South Carolina,G4500830,Spartanburg,450,0830,48,830,SPARTANBURG,South Carolina,G4500830,2121592436.53961,2632781129.46521,2121592436.53961,1,0.805836996017428
1970,1790,Cherokee,450,0210,48,210,CHEROKEE,South Carolina,G4500210,Spartanburg,450,0830,48,830,SPARTANBURG,South Carolina,G4500830,1028961616.78181,2632781129.46521,511188692.925631,0.496800545898331,0.194163003982586
1970,1790,Warren,340,0410,12,410,WARREN,New Jersey,G3400410,Sussex,340,0370,12,370,SUSSEX,New Jersey,G3400370,939524382.290984,2327724270.21468,939524382.290984,1,0.403623571018717
1970,1790,Sussex,340,0370,12,370,SUSSEX,New Jersey,G3400370,Sussex,340,0370,12,370,SUSSEX,New Jersey,G3400370,1388199887.92373,2327724270.21468,1388199887.92373,1,0.596376428981301
1970,1790,Franklin,250,0110,3,110,FRANKLIN,Massachusetts,G2500110,Berkshire,250,0030,3,30,BERKSHIRE,Massachusetts,G2500030,1877039173.66314,2495971708.06345,45160507.0195348,0.0240594376788641,0.0180933569373563
1970,1790,Berkshire,250,0030,3,30,BERKSHIRE,Massachusetts,G2500030,Berkshire,250,0030,3,30,BERKSHIRE,Massachusetts,G2500030,2450811199.85252,2495971708.06345,2450811199.85252,1,0.981906642585316
1970,1790,Newberry,450,0710,48,710,NEWBERRY,South Carolina,G4500710,Orangeburg,450,0750,48,750,ORANGEBURG,South Carolina,G4500750,1676468897.6019,11236409344.1272,83155848.8637323,0.0496017844307654,0.00740057133173015
1970,1790,Allendale,450,0050,48,50,ALLENDALE,South Carolina,G4500050,Orangeburg,450,0750,48,750,ORANGEBURG,South Carolina,G4500750,1068591938.32366,11236409344.1272,883417777.65085,0.826711999190917,0.0786210034358153
1970,1790,Bamberg,450,0090,48,90,BAMBERG,South Carolina,G4500090,Orangeburg,450,0750,48,750,ORANGEBURG,South Carolina,G4500750,1024272709.27879,11236409344.1272,1003513299.47474,0.979732536446603,0.0893090727421068
1970,1790,Lexington,450,0630,48,630,LEXINGTON,South Carolina,G4500630,Orangeburg,450,0750,48,750,ORANGEBURG,South Carolina,G4500750,1962930876.26358,11236409344.1272,1962930876.26358,1,0.174693784833456
1970,1790,Aiken,450,0030,48,30,AIKEN,South Carolina,G4500030,Orangeburg,450,0750,48,750,ORANGEBURG,South Carolina,G4500750,2798403438.79592,11236409344.1272,2041585509.59208,0.729553673815709,0.181693764179136
1970,1790,Barnwell,450,0110,48,110,BARNWELL,South Carolina,G4500110,Orangeburg,450,0750,48,750,ORANGEBURG,South Carolina,G4500750,1443300670.46859,11236409344.1272,1443300670.46859,1,0.128448566287143
1970,1790,Richland,450,0790,48,790,RICHLAND,South Carolina,G4500790,Orangeburg,450,0750,48,750,ORANGEBURG,South Carolina,G4500750,1998757878.96843,11236409344.1272,230178820.940886,0.115160932378505,0.0204850868183431
1970,1790,Calhoun,450,0170,48,170,CALHOUN,South Carolina,G4500170,Orangeburg,450,0750,48,750,ORANGEBURG,South Carolina,G4500750,1016154895.54951,11236409344.1272,1016154895.54951,1,0.0904341293048939
1970,1790,Orangeburg,450,0750,48,750,ORANGEBURG,South Carolina,G4500750,Orangeburg,450,0750,48,750,ORANGEBURG,South Carolina,G4500750,2921774541.38874,11236409344.1272,2572171646.25659,0.880345697390471,0.228914021150445
1970,1790,Lewis,540,0410,56,410,LEWIS,West Virginia,G5400410,Harrison,510,0857,40,865,HARRISON,Virginia,G5100857,1009450262.7994,7873232931.93477,1009450262.7994,1,0.128212930002992
1970,1790,Webster,540,1010,56,1010,WEBSTER,West Virginia,G5401010,Harrison,510,0857,40,865,HARRISON,Virginia,G5100857,1440388017.79571,7873232931.93477,32949398.5585854,0.0228753628546629,0.00418498967875557
1970,1790,Wirt,540,1050,56,1050,WIRT,West Virginia,G5401050,Harrison,510,0857,40,865,HARRISON,Virginia,G5100857,608214185.6164,7873232931.93477,456657180.7433,0.75081639255174,0.0580012282998823
1970,1790,Doddridge,540,0170,56,170,DODDRIDGE,West Virginia,G5400170,Harrison,510,0857,40,865,HARRISON,Virginia,G5100857,830050300.48977,7873232931.93477,178614325.555887,0.21518494174449,0.0226862747615921
1970,1790,Marion,540,0490,56,490,MARION,West Virginia,G5400490,Harrison,510,0857,40,865,HARRISON,Virginia,G5100857,806763989.36926,7873232931.93477,63482679.512606,0.0786880430325574,0.00806310191269875
1970,1790,Ritchie,540,0850,56,850,RITCHIE,West Virginia,G5400850,Harrison,510,0857,40,865,HARRISON,Virginia,G5100857,1174760563.1296,7873232931.93477,1174760563.1296,1,0.149209425567055
1970,1790,Harrison,540,0330,56,330,HARRISON,West Virginia,G5400330,Harrison,510,0857,40,865,HARRISON,Virginia,G5100857,1078983487.12873,7873232931.93477,1078983487.12873,1,0.137044527509436
1970,1790,Braxton,540,0070,56,70,BRAXTON,West Virginia,G5400070,Harrison,510,0857,40,865,HARRISON,Virginia,G5100857,1336864712.13051,7873232931.93477,658099052.296357,0.492270494033441,0.0835868896532998
1970,1790,Barbour,540,0010,56,10,BARBOUR,West Virginia,G5400010,Harrison,510,0857,40,865,HARRISON,Virginia,G5100857,887726165.68497,7873232931.93477,225342770.355188,0.253842658993062,0.0286213773050168
1970,1790,Wood,540,1070,56,1070,WOOD,West Virginia,G5401070,Harrison,510,0857,40,865,HARRISON,Virginia,G5100857,976262130.226884,7873232931.93477,872431401.850993,0.893644621499596,0.110809804484802
1970,1790,Pleasants,540,0730,56,730,PLEASANTS,West Virginia,G5400730,Harrison,510,0857,40,865,HARRISON,Virginia,G5100857,348581162.391934,7873232931.93477,183423681.053827,0.526200784331515,0.0232971236389868
1970,1790,Roane,540,0870,56,870,ROANE,West Virginia,G5400870,Harrison,510,0857,40,865,HARRISON,Virginia,G5100857,1252902746.85069,7873232931.93477,6500045.64413452,0.00518798898036828,0.000825587874806748
1970,1790,Taylor,540,0910,56,910,TAYLOR,West Virginia,G5400910,Harrison,510,0857,40,865,HARRISON,Virginia,G5100857,455032346.323618,7873232931.93477,249452696.71719,0.5482087124852,0.0316836423961725
1970,1790,Upshur,540,0970,56,970,UPSHUR,West Virginia,G5400970,Harrison,510,0857,40,865,HARRISON,Virginia,G5100857,919083850.288576,7873232931.93477,342371553.129243,0.372513947472524,0.0434855104744258
1970,1790,Calhoun,540,0130,56,130,CALHOUN,West Virginia,G5400130,Harrison,510,0857,40,865,HARRISON,Virginia,G5100857,726855690.635316,7873232931.93477,459944400.057069,0.632786405861458,0.0584187466614229
1970,1790,Gilmer,540,0210,56,210,GILMER,West Virginia,G5400210,Harrison,510,0857,40,865,HARRISON,Virginia,G5100857,880769436.293206,7873232931.93477,880769436.293206,1,0.111868840145793
1970,1790,Accomack,510,0010,40,10,ACCOMACK,Virginia,G5100010,Accomack,510,0010,40,10,ACCOMACK,Virginia,G5100010,1198951623.29965,1198951623.29965,1198951623.29965,1,1
1970,1790,Martin,370,1170,47,1170,MARTIN,North Carolina,G3701170,Martin,370,1170,47,1170,MARTIN,North Carolina,G3701170,1195263586.367,1200434917.95961,1184048154.4761,0.990616771046302,0.986349311205177
1970,1790,Edgecombe,370,0650,47,650,EDGECOMBE,North Carolina,G3700650,Martin,370,1170,47,1170,MARTIN,North Carolina,G3701170,1312044695.98721,1200434917.95961,16386764.419878,0.0124894864252687,0.0136506895748507
1970,1790,Cecil,240,0150,52,130,CECIL,Maryland,G2400150,Cecil,240,0150,52,130,CECIL,Maryland,G2400150,929932180.275859,929932180.275859,929932180.275859,1,1
1970,1790,Giles,510,0710,40,710,GILES,Virginia,G5100710,Montgomery,510,1210,40,1210,MONTGOMERY,Virginia,G5101210,933430942.27341,22950795527.9129,752686341.250025,0.806365320841868,0.0327956536554301
1970,1790,Wythe,510,1970,40,1970,WYTHE,Virginia,G5101970,Montgomery,510,1210,40,1210,MONTGOMERY,Virginia,G5101210,1203353141.19407,22950795527.9129,1203353141.19407,1,0.0524318705959691
1970,1790,Boone,540,0050,56,50,BOONE,West Virginia,G5400050,Montgomery,510,1210,40,1210,MONTGOMERY,Virginia,G5101210,1303253329.66747,22950795527.9129,1303253329.66747,1,0.0567846691014454
1970,1790,Wyoming,540,1090,56,1090,WYOMING,West Virginia,G5401090,Montgomery,510,1210,40,1210,MONTGOMERY,Virginia,G5101210,1299710218.08394,22950795527.9129,1299710218.08394,1,0.0566302905057572
1970,1790,Lincoln,540,0430,56,430,LINCOLN,West Virginia,G5400430,Montgomery,510,1210,40,1210,MONTGOMERY,Virginia,G5101210,1135941929.73663,22950795527.9129,1135941929.73663,1,0.0494946647211027
1970,1790,Mercer,540,0550,56,550,MERCER,West Virginia,G5400550,Montgomery,510,1210,40,1210,MONTGOMERY,Virginia,G5101210,1089577317.11732,22950795527.9129,1089577317.11732,1,0.0474744901888986
1970,1790,Pulaski,510,1550,40,1550,PULASKI,Virginia,G5101550,Montgomery,510,1210,40,1210,MONTGOMERY,Virginia,G5101210,853641500.627087,22950795527.9129,853641500.627087,1,0.0371944187986374
1970,1790,McDowell,540,0470,56,470,MCDOWELL,West Virginia,G5400470,Montgomery,510,1210,40,1210,MONTGOMERY,Virginia,G5101210,1385398305.49311,22950795527.9129,1081805492.35532,0.780862433616347,0.0471358603251733
1970,1790,Summers,540,0890,56,890,SUMMERS,West Virginia,G5400890,Montgomery,510,1210,40,1210,MONTGOMERY,Virginia,G5101210,952380357.21143,22950795527.9129,336341373.632197,0.353158663012543,0.0146548895537471
1970,1790,Tazewell,510,1850,40,1850,TAZEWELL,Virginia,G5101850,Montgomery,510,1210,40,1210,MONTGOMERY,Virginia,G5101210,1346514226.00765,22950795527.9129,775034329.772474,0.575585697353091,0.0337693884654182
1970,1790,Logan,540,0450,56,450,LOGAN,West Virginia,G5400450,Montgomery,510,1210,40,1210,MONTGOMERY,Virginia,G5101210,1180026870.13738,22950795527.9129,1180026870.13738,1,0.0514155105735757
1970,1790,Bland,510,0210,40,210,BLAND,Virginia,G5100210,Montgomery,510,1210,40,1210,MONTGOMERY,Virginia,G5101210,929112160.754416,22950795527.9129,929112160.754416,1,0.0404827867349707
1970,1790,Raleigh,540,0810,56,810,RALEIGH,West Virginia,G5400810,Montgomery,510,1210,40,1210,MONTGOMERY,Virginia,G5101210,1578184166.3729,22950795527.9129,1578184166.3729,1,0.0687638110170736
1970,1790,Carroll,510,0350,40,350,CARROLL,Virginia,G5100350,Montgomery,510,1210,40,1210,MONTGOMERY,Virginia,G5101210,1239786446.53514,22950795527.9129,1093912929.27763,0.882339803225639,0.047663399203187
1970,1790,Floyd,510,0630,40,630,FLOYD,Virginia,G5100630,Montgomery,510,1210,40,1210,MONTGOMERY,Virginia,G5101210,987381252.078159,22950795527.9129,359068699.162897,0.363657602782268,0.0156451526364825
1970,1790,Galax City,510,6400,40,6400,GALAX,Virginia,G5106400,Montgomery,510,1210,40,1210,MONTGOMERY,Virginia,G5101210,18621268.0920344,22950795527.9129,18621268.0920344,1,0.000811356106126563
1970,1790,Smyth,510,1730,40,1730,SMYTH,Virginia,G5101730,Montgomery,510,1210,40,1210,MONTGOMERY,Virginia,G5101210,1171472368.51203,22950795527.9129,649330193.433854,0.554285539195955,0.0282922739058929
1970,1790,Radford City,510,7500,40,7500,RADFORD,Virginia,G5107500,Montgomery,510,1210,40,1210,MONTGOMERY,Virginia,G5101210,14622841.0045995,22950795527.9129,14622841.0045995,1,0.000637138742611999
1970,1790,Grayson,510,0770,40,770,GRAYSON,Virginia,G5100770,Montgomery,510,1210,40,1210,MONTGOMERY,Virginia,G5101210,1154885702.39167,22950795527.9129,1154885702.39167,1,0.050320072826543
1970,1790,Wayne,540,0990,56,990,WAYNE,West Virginia,G5400990,Montgomery,510,1210,40,1210,MONTGOMERY,Virginia,G5101210,1326573541.85565,22950795527.9129,1326573541.85565,1,0.0578007651300046
1970,1790,Mingo,540,0590,56,590,MINGO,West Virginia,G5400590,Montgomery,510,1210,40,1210,MONTGOMERY,Virginia,G5101210,1097225746.84427,22950795527.9129,1097225746.84427,1,0.0478077435490119
1970,1790,Cabell,540,0110,56,110,CABELL,West Virginia,G5400110,Montgomery,510,1210,40,1210,MONTGOMERY,Virginia,G5101210,745981886.087671,22950795527.9129,745981886.087671,1,0.0325035306589004
1970,1790,Mason,540,0530,56,530,MASON,West Virginia,G5400530,Montgomery,510,1210,40,1210,MONTGOMERY,Virginia,G5101210,1152033351.78704,22950795527.9129,523205358.701856,0.454158169891747,0.0227968288970868
1970,1790,Kanawha,540,0390,56,390,KANAWHA,West Virginia,G5400390,Montgomery,510,1210,40,1210,MONTGOMERY,Virginia,G5101210,2359448371.22353,22950795527.9129,828505708.347289,0.351143817534628,0.0360992152685799
1970,1790,Montgomery,510,1210,40,1210,MONTGOMERY,Virginia,G5101210,Montgomery,510,1210,40,1210,MONTGOMERY,Virginia,G5101210,1020379429.92159,22950795527.9129,430285548.282194,0.421691711597183,0.0187481757553405
1970,1790,Fayette,540,0190,56,190,FAYETTE,West Virginia,G5400190,Montgomery,510,1210,40,1210,MONTGOMERY,Virginia,G5101210,1731056971.83238,22950795527.9129,701532796.724373,0.405262685249335,0.0305668182992247
1970,1790,Putnam,540,0790,56,790,PUTNAM,West Virginia,G5400790,Montgomery,510,1210,40,1210,MONTGOMERY,Virginia,G5101210,907535101.275631,22950795527.9129,488375144.419209,0.538133614592702,0.0212792251068266
1970,1790,Kent,440,0030,5,30,KENT,Rhode Island,G4400030,Kent,440,0030,5,30,KENT,Rhode Island,G4400030,452123566.929897,452125645.216588,452123566.929897,1,0.99999540329837
1970,1790,Providence,440,0070,5,70,PROVIDENCE,Rhode Island,G4400070,Kent,440,0030,5,30,KENT,Rhode Island,G4400030,1114557259.97539,452125645.216588,2078.28669026494,1.86467466939368e-06,4.59670162985192e-06
1970,1790,Prince Georges,240,0330,52,310,PRINCE GEORGES,Maryland,G2400330,Prince Georges,240,0330,52,310,PRINCE GEORGES,Maryland,G2400330,1266876964.52846,1372629238.05687,1266876964.52846,1,0.922956417802877
1970,1790,District Of Columbia,110,0010,,,District Of Columbia,District of Columbia,G1100010,Prince Georges,240,0330,52,310,PRINCE GEORGES,Maryland,G2400330,159396851.325652,1372629238.05687,105752273.528471,0.663452713456782,0.0770435821971684
1970,1790,Lancaster,450,0570,48,570,LANCASTER,South Carolina,G4500570,Lancaster,450,0570,48,570,LANCASTER,South Carolina,G4500570,1324035150.7872,2562112787.35627,1217999248.09654,0.919914586385709,0.475388614469757
1970,1790,Lee,450,0610,48,610,LEE,South Carolina,G4500610,Lancaster,450,0570,48,570,LANCASTER,South Carolina,G4500570,1065276834.26646,2562112787.35627,1859729.1459806,0.00174577075757137,0.000725857641848613
1970,1790,Kershaw,450,0550,48,550,KERSHAW,South Carolina,G4500550,Lancaster,450,0570,48,570,LANCASTER,South Carolina,G4500570,2031435741.02372,2562112787.35627,1342253807.24877,0.660741454992991,0.523885526770189
1970,1790,Essex,340,0130,12,130,ESSEX,New Jersey,G3400130,Essex,340,0130,12,130,ESSEX,New Jersey,G3400130,331150906.997138,670800584.805543,331150906.997138,1,0.493665203188716
1970,1790,Union,340,0390,12,390,UNION,New Jersey,G3400390,Essex,340,0130,12,130,ESSEX,New Jersey,G3400130,269081062.876181,670800584.805543,269081062.876181,1,0.401134210331949
1970,1790,Passaic,340,0310,12,310,PASSAIC,New Jersey,G3400310,Essex,340,0130,12,130,ESSEX,New Jersey,G3400130,510359941.334427,670800584.805543,70568614.8902071,0.138272245085876,0.105200586416698
1970,1790,Hamilton,360,0410,13,410,HAMILTON,New York,G3600410,Clinton,360,0190,13,190,CLINTON,New York,G3600190,4682023443.80487,10306562729.9359,118830298.425102,0.0253801160654878,0.0115295760127626
1970,1790,Franklin,360,0330,13,330,FRANKLIN,New York,G3600330,Clinton,360,0190,13,190,CLINTON,New York,G3600190,4392414271.85894,10306562729.9359,2386646546.23356,0.543356431911303,0.231565712912358
1970,1790,Essex,360,0310,13,310,ESSEX,New York,G3600310,Clinton,360,0190,13,190,CLINTON,New York,G3600190,4963626169.54514,10306562729.9359,4906519333.22521,0.988494936087185,0.476057776175365
1970,1790,Clinton,360,0190,13,190,CLINTON,New York,G3600190,Clinton,360,0190,13,190,CLINTON,New York,G3600190,2894566551.03974,10306562729.9359,2894566551.03974,1,0.280846934801292
1970,1790,Fluvanna,510,0650,40,650,FLUVANNA,Virginia,G5100650,Fluvanna,510,0650,40,650,FLUVANNA,Virginia,G5100650,751629422.037362,751629422.037362,751629422.037362,1,1
1970,1790,Pendleton,210,1910,51,1910,PENDLETON,Kentucky,G2101910,Woodford,510,1955,51,2390,WOODFORD,Virginia,G5101955,730036968.395317,5103720678.58553,352616065.968675,0.483011246325997,0.0690900008396228
1970,1790,Carroll,210,0410,51,410,CARROLL,Kentucky,G2100410,Woodford,510,1955,51,2390,WOODFORD,Virginia,G5101955,355523386.14249,5103720678.58553,198617063.655801,0.558661037212886,0.0389161312234757
1970,1790,Scott,210,2090,51,2090,SCOTT,Kentucky,G2102090,Woodford,510,1955,51,2390,WOODFORD,Virginia,G5101955,738914897.044743,5103720678.58553,738914897.044743,1,0.144779650686042
1970,1790,Harrison,210,0970,51,970,HARRISON,Kentucky,G2100970,Woodford,510,1955,51,2390,WOODFORD,Virginia,G5101955,802574495.872276,5103720678.58553,117265393.843026,0.146111537864876,0.0229764521273773
1970,1790,Gallatin,210,0770,51,770,GALLATIN,Kentucky,G2100770,Woodford,510,1955,51,2390,WOODFORD,Virginia,G5101955,271104390.106632,5103720678.58553,271104390.106632,1,0.0531189708802338
1970,1790,Franklin,210,0730,51,730,FRANKLIN,Kentucky,G2100730,Woodford,510,1955,51,2390,WOODFORD,Virginia,G5101955,549355867.793253,5103720678.58553,254918396.324392,0.46403144349471,0.0499475602953728
1970,1790,Owen,210,1870,51,1870,OWEN,Kentucky,G2101870,Woodford,510,1955,51,2390,WOODFORD,Virginia,G5101955,917263034.071998,5103720678.58553,906330538.485908,0.988081395215985,0.177582316032446
1970,1790,Boone,210,0150,51,150,BOONE,Kentucky,G2100150,Woodford,510,1955,51,2390,WOODFORD,Virginia,G5101955,665529120.190846,5103720678.58553,665529120.190846,1,0.130400772711428
1970,1790,Woodford,210,2390,51,2390,WOODFORD,Kentucky,G2102390,Woodford,510,1955,51,2390,WOODFORD,Virginia,G5101955,497231851.20341,5103720678.58553,497231850.725206,0.999999999038266,0.0974253651481199
1970,1790,Kenton,210,1170,51,1170,KENTON,Kentucky,G2101170,Woodford,510,1955,51,2390,WOODFORD,Virginia,G5101955,425747891.335184,5103720678.58553,425747891.335184,1,0.0834191207057158
1970,1790,Grant,210,0810,51,810,GRANT,Kentucky,G2100810,Woodford,510,1955,51,2390,WOODFORD,Virginia,G5101955,675445075.360936,5103720678.58553,675445075.360936,1,0.132343660223218
1970,1790,Southampton,510,1750,40,1750,SOUTHAMPTON,Virginia,G5101750,Southampton,510,1750,40,1750,SOUTHAMPTON,Virginia,G5101750,1572242992.88338,1581847265.02049,1572242992.88338,1,0.993928445337616
1970,1790,Franklin City,510,6200,40,6200,FRANKLIN CITY,Virginia,G5106200,Southampton,510,1750,40,1750,SOUTHAMPTON,Virginia,G5101750,9604273.88033067,1581847265.02049,9604273.88033067,1,0.00607155576439692
1970,1790,Hardy,540,0310,56,310,HARDY,West Virginia,G5400310,Hardy,510,0853,40,855,HARDY,Virginia,G5100853,1513797665.98486,2754969693.5094,1513797665.98486,1,0.549478881583091
1970,1790,Grant,540,0230,56,230,GRANT,West Virginia,G5400230,Hardy,510,0853,40,855,HARDY,Virginia,G5100853,1243702304.43084,2754969693.5094,1241172027.52434,0.997965528489022,0.450521118416834
1970,1790,Sampson,370,1630,47,1630,SAMPSON,North Carolina,G3701630,Sampson,370,1630,47,1630,SAMPSON,North Carolina,G3701630,2453915512.14339,2139490060.62793,2139490060.62794,0.871867857732064,1
1970,1790,Wayne,420,1270,14,1270,WAYNE,Pennsylvania,G4201270,Northampton,420,0950,14,950,NORTHAMPTON,Pennsylvania,G4200950,1943867869.89764,8273369416.59023,1943867869.89764,1,0.234954801607152
1970,1790,Schuylkill,420,1070,14,1070,SCHUYLKILL,Pennsylvania,G4201070,Northampton,420,0950,14,950,NORTHAMPTON,Pennsylvania,G4200950,2026939296.1496,8273369416.59023,380338843.339482,0.187641950630677,0.0459714566325064
1970,1790,Carbon,420,0250,14,250,CARBON,Pennsylvania,G4200250,Northampton,420,0950,14,950,NORTHAMPTON,Pennsylvania,G4200950,1002921654.20706,8273369416.59023,1002921654.20706,1,0.121222878334907
1970,1790,Monroe,420,0890,14,890,MONROE,Pennsylvania,G4200890,Northampton,420,0950,14,950,NORTHAMPTON,Pennsylvania,G4200950,1599106256.12466,8273369416.59023,1599106256.12466,1,0.193283555417947
1970,1790,Pike,420,1030,14,1030,PIKE,Pennsylvania,G4201030,Northampton,420,0950,14,950,NORTHAMPTON,Pennsylvania,G4200950,1467574755.973,8273369416.59023,1467574755.973,1,0.177385377356671
1970,1790,Lehigh,420,0770,14,770,LEHIGH,Pennsylvania,G4200770,Northampton,420,0950,14,950,NORTHAMPTON,Pennsylvania,G4200950,902205045.565588,8273369416.59023,902205045.565588,1,0.109049288160207
1970,1790,Northampton,420,0950,14,950,NORTHAMPTON,Pennsylvania,G4200950,Northampton,420,0950,14,950,NORTHAMPTON,Pennsylvania,G4200950,977354983.416579,8273369416.59023,977354983.416579,1,0.118132641515648
1970,1790,Camden,340,0070,12,70,CAMDEN,New Jersey,G3400070,Gloucester,340,0150,12,150,GLOUCESTER,New Jersey,G3400150,580763562.736163,2917610076.1077,580763562.736163,1,0.199054550672153
1970,1790,Atlantic,340,0010,12,10,ATLANTIC,New Jersey,G3400010,Gloucester,340,0150,12,150,GLOUCESTER,New Jersey,G3400150,1476779754.39147,2917610076.1077,1476779754.39147,1,0.506160767158303
1970,1790,Burlington,340,0050,12,50,BURLINGTON,New Jersey,G3400050,Gloucester,340,0150,12,150,GLOUCESTER,New Jersey,G3400150,2108104792.25976,2917610076.1077,10608525.7078084,0.00503225728946646,0.00363603272235778
1970,1790,Gloucester,340,0150,12,150,GLOUCESTER,New Jersey,G3400150,Gloucester,340,0150,12,150,GLOUCESTER,New Jersey,G3400150,849458235.268684,2917610076.1077,849458235.268684,1,0.291148650131454
1970,1790,Duplin,370,0610,47,610,DUPLIN,North Carolina,G3700610,Duplin,370,0610,47,610,DUPLIN,North Carolina,G3700610,2121503303.04227,2018936088.01844,2018936087.98547,0.951653520920886,0.999999999983671
1970,1790,Webster,540,1010,56,1010,WEBSTER,West Virginia,G5401010,Randolph,510,1557,40,1567,RANDOLPH,Virginia,G5101557,1440388017.79571,7063390404.19057,1013641438.87594,0.703728041578107,0.143506358968148
1970,1790,Braxton,540,0070,56,70,BRAXTON,West Virginia,G5400070,Randolph,510,1557,40,1567,RANDOLPH,Virginia,G5101557,1336864712.13051,7063390404.19057,415833663.624111,0.311051417432819,0.0588716805710477
1970,1790,Barbour,540,0010,56,10,BARBOUR,West Virginia,G5400010,Randolph,510,1557,40,1567,RANDOLPH,Virginia,G5101557,887726165.68497,7063390404.19057,662383393.343355,0.746157338769281,0.0937769761317987
1970,1790,Pocahontas,540,0750,56,750,POCAHONTAS,West Virginia,G5400750,Randolph,510,1557,40,1567,RANDOLPH,Virginia,G5101557,2439395145.76435,7063390404.19057,480704805.912732,0.197059015529897,0.0680558171650175
1970,1790,Preston,540,0770,56,770,PRESTON,West Virginia,G5400770,Randolph,510,1557,40,1567,RANDOLPH,Virginia,G5101557,1687084205.7956,7063390404.19057,127516605.443037,0.0755840194609029,0.0180531725058526
1970,1790,Grant,540,0230,56,230,GRANT,West Virginia,G5400230,Randolph,510,1557,40,1567,RANDOLPH,Virginia,G5101557,1243702304.43084,7063390404.19057,2530276.90651512,0.00203447151098836,0.000358224133415301
1970,1790,Upshur,540,0970,56,970,UPSHUR,West Virginia,G5400970,Randolph,510,1557,40,1567,RANDOLPH,Virginia,G5101557,919083850.288576,7063390404.19057,576712297.159342,0.627486052527487,0.0816480845823261
1970,1790,Randolph,540,0830,56,830,RANDOLPH,West Virginia,G5400830,Randolph,510,1557,40,1567,RANDOLPH,Virginia,G5101557,2693392084.91423,7063390404.19057,2693392084.91423,1,0.38131717642512
1970,1790,Tucker,540,0930,56,930,TUCKER,West Virginia,G5400930,Randolph,510,1557,40,1567,RANDOLPH,Virginia,G5101557,1090675843.63087,7063390404.19057,1090675843.63087,1,0.154412510312866
1970,1790,Lancaster,450,0570,48,570,LANCASTER,South Carolina,G4500570,York,450,0910,48,910,YORK,South Carolina,G4500910,1324035150.7872,2130473906.2265,106035902.690647,0.0800854136142868,0.0497710403214739
1970,1790,York,450,0910,48,910,YORK,South Carolina,G4500910,York,450,0910,48,910,YORK,South Carolina,G4500910,1801927028.82138,2130473906.2265,1801927028.82138,1,0.84578695076015
1970,1790,Cherokee,450,0210,48,210,CHEROKEE,South Carolina,G4500210,York,450,0910,48,910,YORK,South Carolina,G4500910,1028961616.78181,2130473906.2265,222510980.26084,0.216248086062499,0.104442011521724
1970,1790,Oconee,130,2190,44,2190,OCONEE,Georgia,G1302190,Franklin,130,1190,44,1190,FRANKLIN,Georgia,G1301190,482112638.935413,4266428187.17297,438074127.525606,0.908655140203228,0.102679362761262
1970,1790,Madison,130,1950,44,1950,MADISON,Georgia,G1301950,Franklin,130,1190,44,1190,FRANKLIN,Georgia,G1301190,739635356.147628,4266428187.17297,335433876.709008,0.453512496287505,0.0786217093065088
1970,1790,Oglethorpe,130,2210,44,2210,OGLETHORPE,Georgia,G1302210,Franklin,130,1190,44,1190,FRANKLIN,Georgia,G1301190,1145229949.32069,4266428187.17297,2641019.81764603,0.00230610439345616,0.00061902361923875
1970,1790,Barrow,130,0130,44,130,BARROW,Georgia,G1300130,Franklin,130,1190,44,1190,FRANKLIN,Georgia,G1301190,421759161.818266,4266428187.17297,421759161.818266,1,0.0988553289344672
1970,1790,Gwinnett,130,1350,44,1350,GWINNETT,Georgia,G1301350,Franklin,130,1190,44,1190,FRANKLIN,Georgia,G1301190,1131109337.37968,4266428187.17297,61235099.3464751,0.0541372061239738,0.014352778638248
1970,1790,Stephens,130,2570,44,2570,STEPHENS,Georgia,G1302570,Franklin,130,1190,44,1190,FRANKLIN,Georgia,G1301190,477156641.96531,4266428187.17297,365025953.441148,0.765002352136776,0.0855577399705448
1970,1790,Hart,130,1470,44,1470,HART,Georgia,G1301470,Franklin,130,1190,44,1190,FRANKLIN,Georgia,G1301190,664126540.910199,4266428187.17297,378142773.32889,0.569383618987186,0.088632166472596
1970,1790,Banks,130,0110,44,110,BANKS,Georgia,G1300110,Franklin,130,1190,44,1190,FRANKLIN,Georgia,G1301190,605727504.755425,4266428187.17297,375532255.698133,0.619968967481115,0.0880202922030124
1970,1790,Jackson,130,1570,44,1510,JACKSON,Georgia,G1301570,Franklin,130,1190,44,1190,FRANKLIN,Georgia,G1301190,888366325.609596,4266428187.17297,888366325.609596,1,0.208222495876169
1970,1790,Franklin,130,1190,44,1190,FRANKLIN,Georgia,G1301190,Franklin,130,1190,44,1190,FRANKLIN,Georgia,G1301190,689891519.854441,4266428187.17297,689891519.854441,1,0.161702363098154
1970,1790,Clarke,130,0590,44,590,CLARKE,Georgia,G1300590,Franklin,130,1190,44,1190,FRANKLIN,Georgia,G1301190,314126415.249589,4266428187.17297,307357276.077759,0.978450907522531,0.0720408882075714
1970,1790,Greene,130,1330,44,1330,GREENE,Georgia,G1301330,Franklin,130,1190,44,1190,FRANKLIN,Georgia,G1301190,1052160131.64053,4266428187.17297,2968798.36635017,0.00282162218190232,0.000695851010753182
1970,1790,Sussex,510,1830,40,1830,SUSSEX,Virginia,G5101830,Sussex,510,1830,40,1830,SUSSEX,Virginia,G5101830,1276431793.22829,1292549232.25141,1276431793.22829,1,0.987530502807196
1970,1790,Greensville,510,0810,40,810,GREENSVILLE,Virginia,G5100810,Sussex,510,1830,40,1830,SUSSEX,Virginia,G5101830,780467359.714182,1292549232.25141,16117438.6673307,0.0206510092532674,0.0124694969175424
1970,1790,Berkeley,450,0150,48,150,BERKELEY,South Carolina,G4500150,Charleston,450,0190,48,190,CHARLESTON,South Carolina,G4500190,3154178141.34954,10238205152.817,3154178141.34954,1,0.308079208637626
1970,1790,Bamberg,450,0090,48,90,BAMBERG,South Carolina,G4500090,Charleston,450,0190,48,190,CHARLESTON,South Carolina,G4500190,1024272709.27879,10238205152.817,20759409.8040032,0.0202674635533542,0.00202764151471328
1970,1790,Colleton,450,0290,48,290,COLLETON,South Carolina,G4500290,Charleston,450,0190,48,190,CHARLESTON,South Carolina,G4500190,2747881299.24525,10238205152.817,2747881299.24525,1,0.268394826850014
1970,1790,Dorchester,450,0350,48,350,DORCHESTER,South Carolina,G4500350,Charleston,450,0190,48,190,CHARLESTON,South Carolina,G4500190,1490058232.48781,10238205152.817,1490058232.48781,1,0.145539009059398
1970,1790,Charleston,450,0190,48,190,CHARLESTON,South Carolina,G4500190,Charleston,450,0190,48,190,CHARLESTON,South Carolina,G4500190,2475725176.69106,10238205152.817,2475725176.69108,1.00000000000001,0.241812421194733
1970,1790,Orangeburg,450,0750,48,750,ORANGEBURG,South Carolina,G4500750,Charleston,450,0190,48,190,CHARLESTON,South Carolina,G4500190,2921774541.38874,10238205152.817,349602895.246067,0.119654302648519,0.0341468929395183
1970,1790,Northumberland,510,1330,40,1330,NORTHUMBERLAND,Virginia,G5101330,Northumberland,510,1330,40,1330,NORTHUMBERLAND,Virginia,G5101330,508121917.767918,508121917.767918,508121917.767918,1,1
1970,1790,Stafford,510,1790,40,1790,STAFFORD,Virginia,G5101790,Stafford,510,1790,40,1790,STAFFORD,Virginia,G5101790,710012908.767168,709970985.180405,709970985.180405,0.99994095376824,1
1970,1790,Marion,540,0490,56,490,MARION,West Virginia,G5400490,Monongalia,510,1193,40,1195,MONONGALIA,Virginia,G5101193,806763989.36926,3456082258.45912,743281310.299247,0.921311957516045,0.215064704689823
1970,1790,Monongalia,540,0610,56,610,MONONGALIA,West Virginia,G5400610,Monongalia,510,1193,40,1195,MONONGALIA,Virginia,G5101193,947653698.335177,3456082258.45912,947653698.335177,1,0.274198826146483
1970,1790,Preston,540,0770,56,770,PRESTON,West Virginia,G5400770,Monongalia,510,1193,40,1195,MONONGALIA,Virginia,G5101193,1687084205.7956,3456082258.45912,1559567600.35255,0.924415980539088,0.451253032689064
1970,1790,Taylor,540,0910,56,910,TAYLOR,West Virginia,G5400910,Monongalia,510,1193,40,1195,MONONGALIA,Virginia,G5101193,455032346.323618,3456082258.45912,205579649.824143,0.451791287993262,0.0594834365764778
1970,1790,Westmoreland,420,1290,14,1290,WESTMORELAND,Pennsylvania,G4201290,Westmoreland,420,1290,14,1290,WESTMORELAND,Pennsylvania,G4201290,2684107274.72597,4878499118.09988,2684107274.72597,1,0.550191198101803
1970,1790,Armstrong,420,0050,14,50,ARMSTRONG,Pennsylvania,G4200050,Westmoreland,420,1290,14,1290,WESTMORELAND,Pennsylvania,G4201290,1720892012.26738,4878499118.09988,642334161.862769,0.373256518877355,0.131666347848588
1970,1790,Indiana,420,0630,14,630,INDIANA,Pennsylvania,G4200630,Westmoreland,420,1290,14,1290,WESTMORELAND,Pennsylvania,G4201290,2160788575.03515,4878499118.09988,1552057681.51111,0.718282991424031,0.318142454049602
1970,1790,Pendleton,210,1910,51,1910,PENDLETON,Kentucky,G2101910,Bourbon,510,0231,51,170,BOURBON,Virginia,G5100231,730036968.395317,11202998331.4576,123645169.799176,0.169368367838903,0.0110367926639768
1970,1790,Montgomery,210,1730,51,1730,MONTGOMERY,Kentucky,G2101730,Bourbon,510,0231,51,170,BOURBON,Virginia,G5100231,514901052.813418,11202998331.4576,514901052.813418,1,0.0459610041507902
1970,1790,Nicholas,210,1810,51,1810,NICHOLAS,Kentucky,G2101810,Bourbon,510,0231,51,170,BOURBON,Virginia,G5100231,509833877.51482,11202998331.4576,487794918.780712,0.956772274840706,0.0435414613435229
1970,1790,Perry,210,1930,51,1930,PERRY,Kentucky,G2101930,Bourbon,510,0231,51,170,BOURBON,Virginia,G5100231,887432207.921241,11202998331.4576,813610674.144685,0.916814452847639,0.0726243680551212
1970,1790,Harrison,210,0970,51,970,HARRISON,Kentucky,G2100970,Bourbon,510,0231,51,170,BOURBON,Virginia,G5100231,802574495.872276,11202998331.4576,674698352.450262,0.840667571571618,0.0602248016547262
1970,1790,Lee,210,1290,51,1290,LEE,Kentucky,G2101290,Bourbon,510,0231,51,170,BOURBON,Virginia,G5100231,547047970.934663,11202998331.4576,331732317.401714,0.606404438051257,0.0296110297963915
1970,1790,Wolfe,210,2370,51,2370,WOLFE,Kentucky,G2102370,Bourbon,510,0231,51,170,BOURBON,Virginia,G5100231,577218004.486983,11202998331.4576,577218004.486983,1,0.0515235285598657
1970,1790,Menifee,210,1650,51,1650,MENIFEE,Kentucky,G2101650,Bourbon,510,0231,51,170,BOURBON,Virginia,G5100231,533613979.349663,11202998331.4576,533613979.349663,1,0.0476313539966613
1970,1790,Letcher,210,1330,51,1330,LETCHER,Kentucky,G2101330,Bourbon,510,0231,51,170,BOURBON,Virginia,G5100231,878317568.631551,11202998331.4576,790170400.769335,0.899640891847863,0.0705320466352804
1970,1790,Estill,210,0650,51,650,ESTILL,Kentucky,G2100650,Bourbon,510,0231,51,170,BOURBON,Virginia,G5100231,662250549.053203,11202998331.4576,325264270.887206,0.491149869716567,0.0290336802045106
1970,1790,Morgan,210,1750,51,1750,MORGAN,Kentucky,G2101750,Bourbon,510,0231,51,170,BOURBON,Virginia,G5100231,993855128.380615,11202998331.4576,445932616.907307,0.448689757866328,0.0398047561656012
1970,1790,Leslie,210,1310,51,1310,LESLIE,Kentucky,G2101310,Bourbon,510,0231,51,170,BOURBON,Virginia,G5100231,1047298221.56637,11202998331.4576,565622501.235336,0.540077782610358,0.0504884928570496
1970,1790,Bourbon,210,0170,51,170,BOURBON,Kentucky,G2100170,Bourbon,510,0231,51,170,BOURBON,Virginia,G5100231,755398469.486078,11202998331.4576,755398469.486078,1,0.0674282408277209
1970,1790,Floyd,210,0710,51,710,FLOYD,Kentucky,G2100710,Bourbon,510,0231,51,170,BOURBON,Virginia,G5100231,1024239854.20755,11202998331.4576,47799864.8621765,0.0466686242151347,0.00426670284578695
1970,1790,Bath,210,0110,51,110,BATH,Kentucky,G2100110,Bourbon,510,0231,51,170,BOURBON,Virginia,G5100231,735411292.318031,11202998331.4576,735411292.318031,1,0.0656441490536533
1970,1790,Knott,210,1190,51,1190,KNOTT,Kentucky,G2101190,Bourbon,510,0231,51,170,BOURBON,Virginia,G5100231,914302712.396886,11202998331.4576,869107648.397137,0.950568817759199,0.0775781288797229
1970,1790,Pike,210,1950,51,1950,PIKE,Kentucky,G2101950,Bourbon,510,0231,51,170,BOURBON,Virginia,G5100231,2043103949.53474,11202998331.4576,89609890.4127827,0.0438596824372,0.00799874174408842
1970,1790,Breathitt,210,0250,51,250,BREATHITT,Kentucky,G2100250,Bourbon,510,0231,51,170,BOURBON,Virginia,G5100231,1282802021.98589,11202998331.4576,1153499725.56563,0.899203233075602,0.102963482760383
1970,1790,Powell,210,1970,51,1970,POWELL,Kentucky,G2101970,Bourbon,510,0231,51,170,BOURBON,Virginia,G5100231,466732462.992719,11202998331.4576,466732462.992719,1,0.0416613882448016
1970,1790,Magoffin,210,1530,51,1530,MAGOFFIN,Kentucky,G2101530,Bourbon,510,0231,51,170,BOURBON,Virginia,G5100231,801455670.048906,11202998331.4576,361551607.109115,0.451118658985909,0.0322727538121551
1970,1790,Harlan,210,0950,51,950,HARLAN,Kentucky,G2100950,Bourbon,510,0231,51,170,BOURBON,Virginia,G5100231,1212048376.92872,11202998331.4576,118155982.830141,0.0974845435869015,0.0105468178548562
1970,1790,Clark,210,0490,51,490,CLARK,Kentucky,G2100490,Bourbon,510,0231,51,170,BOURBON,Virginia,G5100231,660851789.154431,11202998331.4576,421527133.53946,0.637854266958723,0.0376262783469161
1970,1790,Fairfax City,510,6000,40,6000,FAIRFAX CITY,Virginia,G5106000,Fairfax,510,0590,40,590,FAIRFAX,Virginia,G5100590,15530600.9017121,832224951.66173,15530600.9017121,1,0.018661542015415
1970,1790,Fairfax,510,0590,40,590,FAIRFAX,Virginia,G5100590,Fairfax,510,0590,40,590,FAIRFAX,Virginia,G5100590,1030423066.18706,832224951.66173,704915632.140411,0.6841031177115,0.847025351418368
1970,1790,Arlington,510,0130,40,130,ARLINGTON/ALEXAND,Virginia,G5100130,Fairfax,510,0590,40,590,FAIRFAX,Virginia,G5100590,67247254.0514496,832224951.66173,67247254.0514496,1,0.080804179107073
1970,1790,Falls Church City,510,6100,40,6100,FALLS CHURCH,Virginia,G5106100,Fairfax,510,0590,40,590,FAIRFAX,Virginia,G5100590,5143142.0805813,832224951.66173,5143142.0805813,1,0.00617999024219572
1970,1790,Alexandria City,510,5100,40,5100,ALEXANDRIA CITY,Virginia,G5105100,Fairfax,510,0590,40,590,FAIRFAX,Virginia,G5100590,39388321.6289755,832224951.66173,39388321.6289755,1,0.0473289361852556
1970,1790,Stanly,370,1670,47,1670,STANLY,North Carolina,G3701670,Montgomery,370,1230,47,1230,MONTGOMERY,North Carolina,G3701230,1047030723.30753,2346259569.90076,1047030723.30753,1,0.446255280847643
1970,1790,Montgomery,370,1230,47,1230,MONTGOMERY,North Carolina,G3701230,Montgomery,370,1230,47,1230,MONTGOMERY,North Carolina,G3701230,1299237105.8186,2346259569.90076,1299228849.63879,0.999993645363288,0.553744720450409
1970,1790,Baltimore City,240,5100,52,5100,BALTIMORE CITY,Maryland,G2405100,Baltimore City,240,5100,52,5100,BALTIMORE CITY,Maryland,G2405100,210323804.630576,35542022.5520186,35542022.5520134,0.168987160604295,0.999999999999854
1970,1790,Wilson,370,1950,47,1950,WILSON,North Carolina,G3701950,Nash,370,1270,47,1270,NASH,North Carolina,G3701270,969340935.632632,1620436973.34353,258817164.009547,0.267003233326396,0.159720598990972
1970,1790,Nash,370,1270,47,1270,NASH,North Carolina,G3701270,Nash,370,1270,47,1270,NASH,North Carolina,G3701270,1405576948.34973,1620436973.34353,1361619809.17839,0.968726622030232,0.84027940091301
1970,1790,Suffolk,360,1030,13,1030,SUFFOLK,New York,G3601030,Suffolk,360,1030,13,1030,SUFFOLK,New York,G3601030,2416189172.24299,2416189172.24299,2416189172.24299,1,1
1970,1790,York,510,1990,40,1990,YORK,Virginia,G5101990,York,510,1990,40,1990,YORK,Virginia,G5101990,322825902.745663,326658165.1124,322825902.745663,1,0.988268279271639
1970,1790,Williamsburg City,510,8300,40,8300,WILLIAMSBURG,Virginia,G5108300,York,510,1990,40,1990,YORK,Virginia,G5101990,13337393.0563211,326658165.1124,3737749.05779647,0.280245850295686,0.011442386742454
1970,1790,Newport News City,510,7000,40,7000,NEWPORT NEWS,Virginia,G5107000,York,510,1990,40,1990,YORK,Virginia,G5101990,180301103.036985,326658165.1124,94513.2984675616,0.000524197006427487,0.000289333953844504
1970,1790,Pittsylvania,510,1430,40,1430,PITTSYLVANIA,Virginia,G5101430,Pittsylvania,510,1430,40,1430,PITTSYLVANIA,Virginia,G5101430,2603844046.92823,2647271193.23026,2603844046.92823,1,0.983595505283671
1970,1790,Danville City,510,5900,40,5900,DANVILLE,Virginia,G5105900,Pittsylvania,510,1430,40,1430,PITTSYLVANIA,Virginia,G5101430,43427146.3686218,2647271193.23026,43427146.3686218,1,0.0164044947414817
1970,1790,Newport News City,510,7000,40,7000,NEWPORT NEWS,Virginia,G5107000,Warwick,510,1890,40,1875,WARWICK,Virginia,G5101890,180301103.036985,179213075.177629,179174652.113928,0.993752390284454,0.999785601225449
1970,1790,James City,510,0950,40,950,JAMES CITY,Virginia,G5100950,Warwick,510,1890,40,1875,WARWICK,Virginia,G5101890,393974697.837699,179213075.177629,38423.0636990964,9.75267292797699e-05,0.000214398774537031
1970,1790,Giles,510,0710,40,710,GILES,Virginia,G5100710,Botetourt,510,0230,40,230,BOTETOURT,Virginia,G5100230,933430942.27341,6223462453.03444,147323305.820268,0.157829893083956,0.0236722414463088
1970,1790,Bath,510,0170,40,170,BATH,Virginia,G5100170,Botetourt,510,0230,40,230,BOTETOURT,Virginia,G5100230,1384509769.78432,6223462453.03444,468256702.38537,0.3382111940303,0.0752405442981435
1970,1790,Salem City,510,7750,40,7750,SALEM,Virginia,G5107750,Botetourt,510,0230,40,230,BOTETOURT,Virginia,G5100230,37330373.2762232,6223462453.03444,37330373.2762232,1,0.00599832867281486
1970,1790,Monroe,540,0630,56,630,MONROE,West Virginia,G5400630,Botetourt,510,0230,40,230,BOTETOURT,Virginia,G5100230,1226783145.46681,6223462453.03444,128312215.59105,0.104592418036706,0.0206174965398059
1970,1790,Clifton Forge City,510,5600,40,5600,CLIFTON FORGE,Virginia,G5105600,Botetourt,510,0230,40,230,BOTETOURT,Virginia,G5100230,8017540.62020421,6223462453.03444,8017540.62020421,1,0.00128827653106431
1970,1790,Floyd,510,0630,40,630,FLOYD,Virginia,G5100630,Botetourt,510,0230,40,230,BOTETOURT,Virginia,G5100230,987381252.078159,6223462453.03444,628312552.915225,0.636342397217695,0.100958679779432
1970,1790,Botetourt,510,0230,40,230,BOTETOURT,Virginia,G5100230,Botetourt,510,0230,40,230,BOTETOURT,Virginia,G5100230,1413974888.55586,6223462453.03444,1413974888.55586,1,0.22720067795483
1970,1790,Roanoke,510,1610,40,1610,ROANOKE,Virginia,G5101610,Botetourt,510,0230,40,230,BOTETOURT,Virginia,G5100230,691804744.533146,6223462453.03444,691804744.533146,1,0.111160748498745
1970,1790,Rockbridge,510,1630,40,1630,ROCKBRIDGE,Virginia,G5101630,Botetourt,510,0230,40,230,BOTETOURT,Virginia,G5100230,1566492186.22274,6223462453.03444,14782230.1073158,0.0094365169755235,0.0023752421130312
1970,1790,Alleghany,510,0050,40,50,ALLEGHANY,Virginia,G5100050,Botetourt,510,0230,40,230,BOTETOURT,Virginia,G5100230,1156583577.74022,6223462453.03444,1156583577.74022,1,0.185842460924029
1970,1790,Roanoke City,510,7700,40,7700,ROANOKE CITY,Virginia,G5107700,Botetourt,510,0230,40,230,BOTETOURT,Virginia,G5100230,69991645.3074713,6223462453.03444,69991645.3074713,1,0.0112464156144052
1970,1790,Craig,510,0450,40,450,CRAIG,Virginia,G5100450,Botetourt,510,0230,40,230,BOTETOURT,Virginia,G5100230,856298796.657644,6223462453.03444,856298796.657644,1,0.137592024234055
1970,1790,Covington City,510,5800,40,5800,COVINGTON,Virginia,G5105800,Botetourt,510,0230,40,230,BOTETOURT,Virginia,G5100230,12380007.5230106,6223462453.03444,12380007.5230106,1,0.00198924756378571
1970,1790,Montgomery,510,1210,40,1210,MONTGOMERY,Virginia,G5101210,Botetourt,510,0230,40,230,BOTETOURT,Virginia,G5100230,1020379429.92159,6223462453.03444,590093881.639423,0.578308288402842,0.0948176173782015
1970,1790,Powhatan,510,1450,40,1450,POWHATAN,Virginia,G5101450,Powhatan,510,1450,40,1450,POWHATAN,Virginia,G5101450,679616442.549051,671921984.570428,671921984.570443,0.988678234520419,1.00000000000002
1970,1790,Calvert,240,0090,52,70,CALVERT,Maryland,G2400090,Calvert,240,0090,52,70,CALVERT,Maryland,G2400090,565138384.588144,565138384.588144,565138384.588144,1,1
1970,1790,Chesterfield,450,0250,48,250,CHESTERFIELD,South Carolina,G4500250,Marlboro,450,0690,48,690,MARLBORO,South Carolina,G4500690,2086971604.01735,5550678043.69929,2086971604.01735,1,0.375984985543581
1970,1790,Darlington,450,0310,48,310,DARLINGTON,South Carolina,G4500310,Marlboro,450,0690,48,690,MARLBORO,South Carolina,G4500690,1467960959.78772,5550678043.69929,1467960959.78772,1,0.264465160513865
1970,1790,Lee,450,0610,48,610,LEE,South Carolina,G4500610,Marlboro,450,0690,48,690,MARLBORO,South Carolina,G4500690,1065276834.26646,5550678043.69929,144524131.257733,0.135668144287819,0.0260372030443715
1970,1790,Florence,450,0410,48,410,FLORENCE,South Carolina,G4500410,Marlboro,450,0690,48,690,MARLBORO,South Carolina,G4500690,2081699987.3014,5550678043.69929,594350111.180915,0.285511896433933,0.107077028518268
1970,1790,Marlboro,450,0690,48,690,MARLBORO,South Carolina,G4500690,Marlboro,450,0690,48,690,MARLBORO,South Carolina,G4500690,1256871236.35712,5550678043.69929,1256871236.35712,1,0.226435622182019
1970,1790,Orange,510,1370,40,1370,ORANGE,Virginia,G5101370,Orange,510,1370,40,1370,ORANGE,Virginia,G5101370,889421900.644208,1295959700.6257,889421900.644208,1,0.686303671491321
1970,1790,Greene,510,0790,40,790,GREENE,Virginia,G5100790,Orange,510,1370,40,1370,ORANGE,Virginia,G5101370,406537799.981619,1295959700.6257,406537799.981619,1,0.31369632850878
1970,1790,Cape May,340,0090,12,90,CAPE MAY,New Jersey,G3400090,Cape May,340,0090,12,90,CAPE MAY,New Jersey,G3400090,674354590.856591,623631471.018458,623631471.018458,0.924782717392488,1
1970,1790,Wayne,370,1910,47,1910,WAYNE,North Carolina,G3701910,Wayne,370,1910,47,1910,WAYNE,North Carolina,G3701910,1441830547.25896,1593358463.6654,1429262982.9442,0.99128360517909,0.897012828899966
1970,1790,Wilson,370,1950,47,1950,WILSON,North Carolina,G3701950,Wayne,370,1910,47,1910,WAYNE,North Carolina,G3701910,969340935.632632,1593358463.6654,164095480.721145,0.169285619423521,0.102987171100002
1970,1790,Carteret,370,0310,47,310,CARTERET,North Carolina,G3700310,Carteret,370,0310,47,310,CARTERET,North Carolina,G3700310,1330939737.35214,1211361519.19842,1144178366.11187,0.859677064258504,0.944539138794003
1970,1790,Craven,370,0490,47,490,CRAVEN,North Carolina,G3700490,Carteret,370,0310,47,310,CARTERET,North Carolina,G3700310,1873473220.18302,1211361519.19842,42354428.7773547,0.0226074375235623,0.0349643175105822
1970,1790,Hyde,370,0950,47,950,HYDE,North Carolina,G3700950,Carteret,370,0310,47,310,CARTERET,North Carolina,G3700310,1782830606.51135,1211361519.19842,24828720.4711464,0.0139265729343358,0.0204965405270394
1970,1790,Dukes,250,0070,3,70,DUKES,Massachusetts,G2500070,Dukes,250,0070,3,70,DUKES,Massachusetts,G2500070,288953611.8443,288953611.8443,288953611.8443,1,1
1970,1790,Lynchburg City,510,6800,40,6800,LYNCHBURG,Virginia,G5106800,Bedford,510,0190,40,190,BEDFORD,Virginia,G5100190,65483470.427946,2037984666.45296,8960691.5381279,0.136838983633094,0.00439683952761219
1970,1790,Bedford City,510,5150,40,5150,BEDFORD CITY,Virginia,G5105150,Bedford,510,0190,40,190,BEDFORD,Virginia,G5100190,17757400.0793383,2037984666.45296,17757400.0793383,1,0.00871321574280753
1970,1790,Bedford,510,0190,40,190,BEDFORD,Virginia,G5100190,Bedford,510,0190,40,190,BEDFORD,Virginia,G5100190,2011316570.7867,2037984666.45296,2011266575.82714,0.999975143167271,0.986889945216162
1970,1790,Middlesex,250,0170,3,170,MIDDLESEX,Massachusetts,G2500170,Essex,250,0090,3,90,ESSEX,Massachusetts,G2500090,2194802062.65308,1339813136.33786,2406467.7399992,0.00109643952908002,0.00179612191784958
1970,1790,Essex,250,0090,3,90,ESSEX,Massachusetts,G2500090,Essex,250,0090,3,90,ESSEX,Massachusetts,G2500090,1341034043.83863,1339813136.33786,1337406667.78247,0.997295090253052,0.998203877473565
1970,1790,Columbia,360,0210,13,210,COLUMBIA,New York,G3600210,Columbia,360,0210,13,210,COLUMBIA,New York,G3600210,1679000139.91489,1678118858.16161,1678118858.16161,0.999475115140059,1
1970,1790,Newport,440,0050,5,50,NEWPORT,Rhode Island,G4400050,Newport,440,0050,5,50,NEWPORT,Rhode Island,G4400050,282250037.514213,343838004.872407,282200843.457954,0.999825707529775,0.820737787734297
1970,1790,Washington,440,0090,5,90,WASHINGTON,Rhode Island,G4400090,Newport,440,0050,5,50,NEWPORT,Rhode Island,G4400050,911160305.403114,343838004.872407,28358477.5523725,0.0311234778163719,0.0824762741480422
1970,1790,Bristol,250,0050,3,50,BRISTOL,Massachusetts,G2500050,Newport,440,0050,5,50,NEWPORT,Rhode Island,G4400050,1489200689.05674,343838004.872407,33278683.8620396,0.0223466750362023,0.0967859381175411
1970,1790,Providence,440,0070,5,70,PROVIDENCE,Rhode Island,G4400070,Bristol,250,0050,3,50,BRISTOL,Massachusetts,G2500050,1114557259.97539,1506544944.36951,50620906.5474241,0.0454179505757664,0.0336006613918904
1970,1790,Bristol,250,0050,3,50,BRISTOL,Massachusetts,G2500050,Bristol,250,0050,3,50,BRISTOL,Massachusetts,G2500050,1489200689.05674,1506544944.36951,1455922005.19471,0.977653324963804,0.966397989410147
1970,1790,Bristol,440,0010,5,10,BRISTOL,Rhode Island,G4400010,Bristol,250,0050,3,50,BRISTOL,Massachusetts,G2500050,66704770.9063482,1506544944.36951,2032.62736661732,3.04719938169202e-05,1.34919796068081e-06
1970,1790,Guilford,370,0810,47,810,GUILFORD,North Carolina,G3700810,Guilford,370,0810,47,810,GUILFORD,North Carolina,G3700810,1703451611.30655,1703451611.30655,1703451611.30655,1,1
1970,1790,Suffolk,250,0250,3,250,SUFFOLK,Massachusetts,G2500250,Suffolk,250,0250,3,250,SUFFOLK,Massachusetts,G2500250,156366844.181778,1266406669.0201,135597517.434609,0.86717563524513,0.10707264953013
1970,1790,Worcester,250,0270,3,270,WORCESTER,Massachusetts,G2500270,Suffolk,250,0250,3,250,SUFFOLK,Massachusetts,G2500250,4089604891.4053,1266406669.0201,101380.780945713,2.47898717939169e-05,8.00538906070016e-05
1970,1790,Middlesex,250,0170,3,170,MIDDLESEX,Massachusetts,G2500170,Suffolk,250,0250,3,250,SUFFOLK,Massachusetts,G2500250,2194802062.65308,1266406669.0201,12572524.7407365,0.0057283182637157,0.00992771520262498
1970,1790,Norfolk,250,0210,3,210,NORFOLK,Massachusetts,G2500210,Suffolk,250,0250,3,250,SUFFOLK,Massachusetts,G2500250,1060181122.86782,1266406669.0201,1046709829.43651,0.987293403796075,0.82651951781525
1970,1790,Plymouth,250,0230,3,230,PLYMOUTH,Massachusetts,G2500230,Suffolk,250,0250,3,250,SUFFOLK,Massachusetts,G2500250,1794681159.39292,1266406669.0201,67798042.2891144,0.0377772073520002,0.0535357590477425
1970,1790,Essex,250,0090,3,90,ESSEX,Massachusetts,G2500090,Suffolk,250,0250,3,250,SUFFOLK,Massachusetts,G2500250,1341034043.83863,1266406669.0201,3627376.05618382,0.00270490974695964,0.00286430587023877
1970,1790,Kent,100,0010,11,10,KENT,Delaware,G1000010,Sussex,100,0050,11,50,SUSSEX,Delaware,G1000050,1548770811.40896,2461099202.74702,37380.4992108196,2.41355912285134e-05,1.5188538182084e-05
1970,1790,Sussex,100,0050,11,50,SUSSEX,Delaware,G1000050,Sussex,100,0050,11,50,SUSSEX,Delaware,G1000050,2461061822.24781,2461099202.74702,2461061822.24781,1,0.999984811461818
1970,1790,Perquimans,370,1430,47,1430,PERQUIMANS,North Carolina,G3701430,Perquimans,370,1430,47,1430,PERQUIMANS,North Carolina,G3701430,642382356.915303,642382356.915303,642382356.915303,1,1
1970,1790,Pitt,370,1470,47,1470,PITT,North Carolina,G3701470,Pitt,370,1470,47,1470,PITT,North Carolina,G3701470,1695532595.57593,1641737449.22233,1641737449.22233,0.968272419831998,1
1970,1790,Carroll,210,0410,51,410,CARROLL,Kentucky,G2100410,Jefferson (old),510,0955,51,1110,JEFFERSON,Virginia,G5100955,355523386.14249,4865539997.20119,156906324.094752,0.4413389673102,0.0322484912640754
1970,1790,Trimble,210,2230,51,2230,TRIMBLE,Kentucky,G2102230,Jefferson (old),510,0955,51,1110,JEFFERSON,Virginia,G5100955,404640828.160402,4865539997.20119,404640828.160402,1,0.0831646288784316
1970,1790,Franklin,210,0730,51,730,FRANKLIN,Kentucky,G2100730,Jefferson (old),510,0955,51,1110,JEFFERSON,Virginia,G5100955,549355867.793253,4865539997.20119,168417626.509633,0.306572909080159,0.0346143750963946
1970,1790,Owen,210,1870,51,1870,OWEN,Kentucky,G2101870,Jefferson (old),510,0955,51,1110,JEFFERSON,Virginia,G5100955,917263034.071998,4865539997.20119,10932503.6879616,0.0119186136166733,0.00224692504721989
1970,1790,Spencer,210,2150,51,2150,SPENCER,Kentucky,G2102150,Jefferson (old),510,0955,51,1110,JEFFERSON,Virginia,G5100955,496752794.766608,4865539997.20119,338949572.740836,0.68233047969078,0.0696633000521648
1970,1790,Anderson,210,0050,51,50,ANDERSON,Kentucky,G2100050,Jefferson (old),510,0955,51,1110,JEFFERSON,Virginia,G5100955,529091517.044834,4865539997.20119,103647722.752379,0.195897532682603,0.0213024089437144
1970,1790,Shelby,210,2110,51,2110,SHELBY,Kentucky,G2102110,Jefferson (old),510,0955,51,1110,JEFFERSON,Virginia,G5100955,998814636.488468,4865539997.20119,998814636.488468,1,0.205283408843215
1970,1790,Jefferson,210,1110,51,1110,JEFFERSON,Kentucky,G2101110,Jefferson (old),510,0955,51,1110,JEFFERSON,Virginia,G5100955,1032310200.8199,4865539997.20119,1032310200.8199,1,0.212167652801892
1970,1790,Henry,210,1030,51,1030,HENRY,Kentucky,G2101030,Jefferson (old),510,0955,51,1110,JEFFERSON,Virginia,G5100955,753973636.469026,4865539997.20119,753973636.376753,0.999999999877617,0.154961964511742
1970,1790,Oldham,210,1850,51,1850,OLDHAM,Kentucky,G2101850,Jefferson (old),510,0955,51,1110,JEFFERSON,Virginia,G5100955,509043576.459863,4865539997.20119,509043576.459863,1,0.104622215982744
1970,1790,Bullitt,210,0290,51,290,BULLITT,Kentucky,G2100290,Jefferson (old),510,0955,51,1110,JEFFERSON,Virginia,G5100955,777512884.182311,4865539997.20119,387903379.529367,0.498902831606855,0.0797246307198176
1970,1790,Beaufort,450,0130,48,130,BEAUFORT,South Carolina,G4500130,Beaufort,450,0130,48,130,BEAUFORT,South Carolina,G4500130,1534760654.70606,4895580860.87037,1534760654.70606,1,0.313499194135096
1970,1790,Allendale,450,0050,48,50,ALLENDALE,South Carolina,G4500050,Beaufort,450,0130,48,130,BEAUFORT,South Carolina,G4500130,1068591938.32366,4895580860.87037,185174175.114619,0.173288014323886,0.0378247608153483
1970,1790,Hampton,450,0490,48,490,HAMPTON,South Carolina,G4500490,Beaufort,450,0130,48,130,BEAUFORT,South Carolina,G4500130,1457209681.14017,4895580860.87037,1457209681.14017,1,0.297658178376222
1970,1790,Jasper,450,0530,48,530,JASPER,South Carolina,G4500530,Beaufort,450,0130,48,130,BEAUFORT,South Carolina,G4500130,1718436349.22805,4895580860.87037,1718436349.22805,1,0.351017866534133
1970,1790,Vance,370,1810,47,1810,VANCE,North Carolina,G3701810,Franklin,370,0690,47,690,FRANKLIN,North Carolina,G3700690,698839920.38947,1220306276.12312,45197868.7754209,0.0646755679758988,0.0370381351467053
1970,1790,Franklin,370,0690,47,690,FRANKLIN,North Carolina,G3700690,Franklin,370,0690,47,690,FRANKLIN,North Carolina,G3700690,1280984874.54759,1220306276.12312,1175108407.3477,0.91734760549981,0.962961864853294
1970,1790,Richmond,360,0850,13,850,RICHMOND,New York,G3600850,Richmond,360,0850,13,850,RICHMOND,New York,G3600850,152308395.516217,152308395.516217,152308395.516217,1,1
1970,1790,Essex,510,0570,40,570,ESSEX,Virginia,G5100570,Essex,510,0570,40,570,ESSEX,Virginia,G5100570,685739676.022895,685739676.022895,685739676.022895,1,1
1970,1790,Cheshire,330,0050,4,50,CHESHIRE,New Hampshire,G3300050,Cheshire,330,0050,4,50,CHESHIRE,New Hampshire,G3300050,1888457990.27414,3328440818.44541,1888457990.27414,1,0.567370157164508
1970,1790,Merrimack,330,0130,4,130,MERRIMACK,New Hampshire,G3300130,Cheshire,330,0050,4,50,CHESHIRE,New Hampshire,G3300050,2477274400.3617,3328440818.44541,7942599.33630635,0.0032061847226721,0.00238628227736254
1970,1790,Grafton,330,0090,4,90,GRAFTON,New Hampshire,G3300090,Cheshire,330,0050,4,50,CHESHIRE,New Hampshire,G3300050,4532662359.30514,3328440818.44541,4807669.92823529,0.0010606724143848,0.00144442103389441
1970,1790,Sullivan,330,0190,4,190,SULLIVAN,New Hampshire,G3300190,Cheshire,330,0050,4,50,CHESHIRE,New Hampshire,G3300050,1429439685.95809,3328440818.44541,1427232564.69597,0.99845595355733,0.42879914126356
1970,1790,Brunswick,510,0250,40,250,BRUNSWICK,Virginia,G5100250,Brunswick,510,0250,40,250,BRUNSWICK,Virginia,G5100250,1474672369.66719,1474672369.66719,1474672369.66719,1,1
1970,1790,Iredell,370,0970,47,970,IREDELL,North Carolina,G3700970,Iredell,370,0970,47,970,IREDELL,North Carolina,G3700970,1546250414.24121,1817265003.23356,1538174969.56356,0.994777401769295,0.846423040572842
1970,1790,Wilkes,370,1930,47,1930,WILKES,North Carolina,G3701930,Iredell,370,0970,47,970,IREDELL,North Carolina,G3700970,1968207715.52096,1817265003.23356,10492082.1570352,0.00533077991428258,0.00577355649196238
1970,1790,Alexander,370,0030,47,30,ALEXANDER,North Carolina,G3700030,Iredell,370,0970,47,970,IREDELL,North Carolina,G3700970,681523519.258282,1817265003.23356,268597955.567145,0.394113993101025,0.147803405166123
1970,1790,Bedford,420,0090,14,90,BEDFORD,Pennsylvania,G4200090,Bedford,420,0090,14,90,BEDFORD,Pennsylvania,G4200090,2635042875.02094,8009153964.99709,2635042875.02094,1,0.32900389810672
1970,1790,Somerset,420,1110,14,1110,SOMERSET,Pennsylvania,G4201110,Bedford,420,0090,14,90,BEDFORD,Pennsylvania,G4200090,2800210771.63167,8009153964.99709,2800210771.63167,1,0.349626288103539
1970,1790,Fulton,420,0570,14,570,FULTON,Pennsylvania,G4200570,Bedford,420,0090,14,90,BEDFORD,Pennsylvania,G4200090,1134483254.81395,8009153964.99709,1134483254.81395,1,0.141648326374053
1970,1790,Blair,420,0130,14,130,BLAIR,Pennsylvania,G4200130,Bedford,420,0090,14,90,BEDFORD,Pennsylvania,G4200090,1365216360.31493,8009153964.99709,303778185.961957,0.222512852022869,0.037928873297926
1970,1790,Franklin,420,0550,14,550,FRANKLIN,Pennsylvania,G4200550,Bedford,420,0090,14,90,BEDFORD,Pennsylvania,G4200090,2001100387.03811,8009153964.99709,43506238.1981481,0.0217411572552555,0.0054320641591217
1970,1790,Cambria,420,0210,14,210,CAMBRIA,Pennsylvania,G4200210,Bedford,420,0090,14,90,BEDFORD,Pennsylvania,G4200090,1795970443.57143,8009153964.99709,1092132645.7571,0.608101680997217,0.136360550756062
1970,1790,Onslow,370,1330,47,1330,ONSLOW,North Carolina,G3701330,Onslow,370,1330,47,1330,ONSLOW,North Carolina,G3701330,1993173331.88838,1993173331.88838,1993173331.88838,1,1
1970,1790,Pitt,370,1470,47,1470,PITT,North Carolina,G3701470,Dobbs,370,0595,47,790,DOBBS/GREENE,North Carolina,G3700595,1695532595.57593,1696711651.01244,53795146.3536065,0.0317275801680083,0.0317055324760141
1970,1790,Greene,370,0790,47,790,GREENE,North Carolina,G3700790,Dobbs,370,0595,47,790,DOBBS/GREENE,North Carolina,G3700595,688665931.117022,1696711651.01244,655958386.124255,0.9525059342783,0.386605694451877
1970,1790,Duplin,370,0610,47,610,DUPLIN,North Carolina,G3700610,Dobbs,370,0595,47,790,DOBBS/GREENE,North Carolina,G3700595,2121503303.04227,1696711651.01244,102567215.126635,0.0483464791120294,0.0604505869134759
1970,1790,Wayne,370,1910,47,1910,WAYNE,North Carolina,G3701910,Dobbs,370,0595,47,790,DOBBS/GREENE,North Carolina,G3700595,1441830547.25896,1696711651.01244,12567575.8432341,0.00871640281663199,0.00740701923967747
1970,1790,Lenoir,370,1070,47,1070,LENOIR,North Carolina,G3701070,Dobbs,370,0595,47,790,DOBBS/GREENE,North Carolina,G3700595,1041411313.63225,1696711651.01244,871823327.636776,0.837155613948557,0.51383116696143
1970,1790,Transylvania,370,1750,47,1750,TRANSYLVANIA,North Carolina,G3701750,Rutherford,370,1610,47,1610,RUTHERFORD,North Carolina,G3701610,985649293.611321,3454801197.616,50812075.3215451,0.0515518812329026,0.0147076698238406
1970,1790,Henderson,370,0890,47,890,HENDERSON,North Carolina,G3700890,Rutherford,370,1610,47,1610,RUTHERFORD,North Carolina,G3701610,971352580.233553,3454801197.616,485818297.996878,0.500146196018821,0.14062120226545
1970,1790,Polk,370,1490,47,1490,POLK,North Carolina,G3701490,Rutherford,370,1610,47,1610,RUTHERFORD,North Carolina,G3701610,617977809.505714,3454801197.616,617977809.505714,1,0.178875070997472
1970,1790,Rutherford,370,1610,47,1610,RUTHERFORD,North Carolina,G3701610,Rutherford,370,1610,47,1610,RUTHERFORD,North Carolina,G3701610,1465691622.13458,3454801197.616,1444396372.6489,0.985470852692283,0.418083788336536
1970,1790,Cleveland,370,0450,47,450,CLEVELAND,North Carolina,G3700450,Rutherford,370,1610,47,1610,RUTHERFORD,North Carolina,G3701610,1213668752.42853,3454801197.616,754681744.456974,0.621818550528609,0.218444333346227
1970,1790,Buncombe,370,0210,47,210,BUNCOMBE,North Carolina,G3700210,Rutherford,370,1610,47,1610,RUTHERFORD,North Carolina,G3701610,1708886244.6217,3454801197.616,101114896.634725,0.0591700570783806,0.0292679349261833
1970,1790,Norfolk City,510,7100,40,7100,NORFOLK CITY,Virginia,G5107100,Princess Anne,510,1510,40,1510,PRINCESS ANNE,Virginia,G5101510,142506700.355276,700784736.989895,36685092.1075947,0.257427138626725,0.0523485889050173
1970,1790,Virginia Beach City,510,8100,40,8100,VIRGINIA BEACH,Virginia,G5108100,Princess Anne,510,1510,40,1510,PRINCESS ANNE,Virginia,G5101510,662691233.209354,700784736.989895,662691233.209354,1,0.945641647470569
1970,1790,Chesapeake City,510,5500,40,5500,CHESAPEAKE,Virginia,G5105500,Princess Anne,510,1510,40,1510,PRINCESS ANNE,Virginia,G5101510,907780159.985831,700784736.989895,1408411.67294353,0.00155148981551383,0.0020097636244093
1970,1790,Chowan,370,0410,47,410,CHOWAN,North Carolina,G3700410,Chowan,370,0410,47,410,CHOWAN,North Carolina,G3700410,448562018.059993,448562018.059993,448562018.059993,1,1
1970,1790,Camden,370,0290,47,290,CAMDEN,North Carolina,G3700290,Camden,370,0290,47,290,CAMDEN,North Carolina,G3700290,626569727.768836,626569727.768836,626569727.768836,1,1
1970,1790,Greensville,510,0810,40,810,GREENSVILLE,Virginia,G5100810,Greensville,510,0810,40,810,GREENSVILLE,Virginia,G5100810,780467359.714182,770655266.112838,764349921.046855,0.979348990746736,0.991818202842125
1970,1790,Emporia City,510,5950,40,5950,EMPORIA,Virginia,G5105950,Greensville,510,0810,40,810,GREENSVILLE,Virginia,G5100810,6305344.55444092,770655266.112838,6305344.55444092,1,0.00818179649409896
1970,1790,Ontario,360,0690,13,690,ONTARIO,New York,G3600690,Ontario,360,0690,13,690,ONTARIO,New York,G3600690,1715665091.97291,13310152769.9147,1715665091.97291,1,0.128898978218408
1970,1790,Schuyler,360,0970,13,970,SCHUYLER,New York,G3600970,Ontario,360,0690,13,690,ONTARIO,New York,G3600690,886459919.136367,13310152769.9147,259219247.292987,0.292420719422409,0.019475302182775
1970,1790,Monroe,360,0550,13,550,MONROE,New York,G3600550,Ontario,360,0690,13,690,ONTARIO,New York,G3600690,1725823520.66299,13310152769.9147,1725823520.66299,1,0.1296621872413
1970,1790,Seneca,360,0990,13,990,SENECA,New York,G3600990,Ontario,360,0690,13,690,ONTARIO,New York,G3600690,1010934131.21811,13310152769.9147,13556158.0784163,0.0134095364473272,0.00101848253079842
1970,1790,Steuben,360,1010,13,1010,STEUBEN,New York,G3601010,Ontario,360,0690,13,690,ONTARIO,New York,G3600690,3636559005.55073,13310152769.9147,3636559005.55073,1,0.27321692458486
1970,1790,Livingston,360,0510,13,510,LIVINGSTON,New York,G3600510,Ontario,360,0690,13,690,ONTARIO,New York,G3600690,1658988071.24667,13310152769.9147,1658988071.24667,1,0.124640798638805
1970,1790,Yates,360,1230,13,1230,YATES,New York,G3601230,Ontario,360,0690,13,690,ONTARIO,New York,G3600690,973214206.478857,13310152769.9147,821927489.652596,0.844549415925991,0.0617519200463591
1970,1790,Genesee,360,0370,13,370,GENESEE,New York,G3600370,Ontario,360,0690,13,690,ONTARIO,New York,G3600690,1282894463.20408,13310152769.9147,422775855.333104,0.329548429320682,0.031763411182531
1970,1790,Wayne,360,1170,13,1170,WAYNE,New York,G3601170,Ontario,360,0690,13,690,ONTARIO,New York,G3600690,1572569835.78608,13310152769.9147,932252318.4077,0.592820933730866,0.0700406925843029
1970,1790,Wyoming,360,1210,13,1210,WYOMING,New York,G3601210,Ontario,360,0690,13,690,ONTARIO,New York,G3600690,1544759520.1266,13310152769.9147,305194398.52043,0.197567578994702,0.0229294436958131
1970,1790,Orleans,360,0730,13,730,ORLEANS,New York,G3600730,Ontario,360,0690,13,690,ONTARIO,New York,G3600690,1018200300.69729,13310152769.9147,259639010.7441,0.254997970994796,0.0195068392701675
1970,1790,Allegany,360,0030,13,30,ALLEGANY,New York,G3600030,Ontario,360,0690,13,690,ONTARIO,New York,G3600690,2679115191.01101,13310152769.9147,1558552608.55117,0.581741544290606,0.117095020282112
1970,1790,Pasquotank,370,1390,47,1390,PASQUOTANK,North Carolina,G3701390,Pasquotank,370,1390,47,1390,PASQUOTANK,North Carolina,G3701390,589907613.887677,589907613.887677,589907613.887677,1,1
1970,1790,Bergen,340,0030,12,30,BERGEN,New Jersey,G3400030,Bergen,340,0030,12,30,BERGEN,New Jersey,G3400030,622096285.396089,1186294740.77179,622096285.396089,1,0.524402801441538
1970,1790,Hudson,340,0170,12,170,HUDSON,New Jersey,G3400170,Bergen,340,0030,12,30,BERGEN,New Jersey,G3400030,124407128.931269,1186294740.77179,124407128.931269,1,0.104870336734639
1970,1790,Passaic,340,0310,12,310,PASSAIC,New Jersey,G3400310,Bergen,340,0030,12,30,BERGEN,New Jersey,G3400030,510359941.334427,1186294740.77179,439791326.44418,0.861727754914045,0.370726861823612
1970,1790,Kent,100,0010,11,10,KENT,Delaware,G1000010,Kent,100,0010,11,10,KENT,Delaware,G1000010,1548770811.40896,1525633963.43661,1525633963.43662,0.985061154431694,1.00000000000001
1970,1790,Edgefield,450,0370,48,370,EDGEFIELD,South Carolina,G4500370,Edgefield,450,0370,48,370,EDGEFIELD,South Carolina,G4500370,1311937806.1667,4278965443.33252,1311937806.1667,1,0.306601636199461
1970,1790,Greenwood,450,0470,48,470,GREENWOOD,South Carolina,G4500470,Edgefield,450,0370,48,370,EDGEFIELD,South Carolina,G4500370,1199017450.03315,4278965443.33252,496195758.767527,0.413835310531809,0.115961618605894
1970,1790,Aiken,450,0030,48,30,AIKEN,South Carolina,G4500030,Edgefield,450,0370,48,370,EDGEFIELD,South Carolina,G4500370,2798403438.79592,4278965443.33252,756817929.203831,0.270446326184287,0.176869371633534
1970,1790,Saluda,450,0810,48,810,SALUDA,South Carolina,G4500810,Edgefield,450,0370,48,370,EDGEFIELD,South Carolina,G4500370,1196024557.61889,4278965443.33252,1196024557.61889,1,0.279512553550189
1970,1790,Mccormick,450,0650,48,650,MCCORMICK,South Carolina,G4500650,Edgefield,450,0370,48,370,EDGEFIELD,South Carolina,G4500370,1020082670.94787,4278965443.33252,517989393.886807,0.507791582622893,0.12105482055106
1970,1790,Bladen,370,0170,47,170,BLADEN,North Carolina,G3700170,Bladen,370,0170,47,170,BLADEN,North Carolina,G3700170,2297669059.16641,3642545312.97147,2297668291.71881,0.999999665988625,0.630786467785749
1970,1790,Cumberland,370,0510,47,510,CUMBERLAND,North Carolina,G3700510,Bladen,370,0170,47,170,BLADEN,North Carolina,G3700170,1705410436.72784,3642545312.97147,109540616.076666,0.0642312335597295,0.0300725472615483
1970,1790,Columbus,370,0470,47,470,COLUMBUS,North Carolina,G3700470,Bladen,370,0170,47,170,BLADEN,North Carolina,G3700170,2469831205.46358,3642545312.97147,1235336405.09742,0.500170376973415,0.339140984931132
1970,1790,Newberry,450,0710,48,710,NEWBERRY,South Carolina,G4500710,Newberry,450,0710,48,710,NEWBERRY,South Carolina,G4500710,1676468897.6019,1593313024.31174,1593313024.31174,0.950398200999071,1
1970,1790,Bryan,130,0290,44,290,BRYAN,Georgia,G1300290,Chatham,130,0510,44,510,CHATHAM,Georgia,G1300510,1157167401.71326,1598814301.53386,398066987.094589,0.344001210633158,0.248976373749406
1970,1790,Chatham,130,0510,44,510,CHATHAM,Georgia,G1300510,Chatham,130,0510,44,510,CHATHAM,Georgia,G1300510,1200747314.4393,1598814301.53386,1200747314.4393,1,0.751023626250615
1970,1790,Person,370,1450,47,1450,PERSON,North Carolina,G3701450,Caswell,370,0330,47,330,CASWELL,North Carolina,G3700330,1046595314.48417,2156220282.31849,1046595314.48417,1,0.485384226772418
1970,1790,Caswell,370,0330,47,330,CASWELL,North Carolina,G3700330,Caswell,370,0330,47,330,CASWELL,North Carolina,G3700330,1109624967.83435,2156220282.31849,1109624967.83435,1,0.514615773227594
1970,1790,Merrimack,330,0130,4,130,MERRIMACK,New Hampshire,G3300130,Rockingham,330,0150,4,150,ROCKINGHAM,New Hampshire,G3300150,2477274400.3617,2934232629.16993,1014971545.43467,0.409713007685577,0.345906979339195
1970,1790,Rockingham,330,0150,4,150,ROCKINGHAM,New Hampshire,G3300150,Rockingham,330,0150,4,150,ROCKINGHAM,New Hampshire,G3300150,1849456161.96073,2934232629.16993,1849441790.72378,0.99999222947954,0.630298283898157
1970,1790,Hillsborough,330,0110,4,110,HILLSBOROUGH,New Hampshire,G3300110,Rockingham,330,0150,4,150,ROCKINGHAM,New Hampshire,G3300150,2310763233.53943,2934232629.16993,69819293.0581778,0.0302148190886846,0.0237947367785659
1970,1790,Harford,240,0250,52,230,HARFORD,Maryland,G2400250,Harford,240,0250,52,230,HARFORD,Maryland,G2400250,1156992510.66242,1156992510.66242,1156992510.66242,1,1
1970,1790,Pendleton,210,1910,51,1910,PENDLETON,Kentucky,G2101910,Mason (old),510,1139,51,1610,MASON,Virginia,G5101139,730036968.395317,14420292886.0674,253775731.466828,0.347620384245264,0.017598514362494
1970,1790,Robertson,210,2010,51,2010,ROBERTSON,Kentucky,G2102010,Mason (old),510,1139,51,1610,MASON,Virginia,G5101139,259274956.88664,14420292886.0674,259274956.88664,1,0.0179798676029074
1970,1790,Nicholas,210,1810,51,1810,NICHOLAS,Kentucky,G2101810,Mason (old),510,1139,51,1610,MASON,Virginia,G5101139,509833877.51482,14420292886.0674,22038956.9810766,0.0432277217208579,0.00152832935885582
1970,1790,Johnson,210,1150,51,1150,JOHNSON,Kentucky,G2101150,Mason (old),510,1139,51,1610,MASON,Virginia,G5101139,683610042.868125,14420292886.0674,683610042.868125,1,0.0474061136115075
1970,1790,Harrison,210,0970,51,970,HARRISON,Kentucky,G2100970,Mason (old),510,1139,51,1610,MASON,Virginia,G5101139,802574495.872276,14420292886.0674,10610749.239093,0.0132208901399997,0.000735820646843096
1970,1790,Morgan,210,1750,51,1750,MORGAN,Kentucky,G2101750,Mason (old),510,1139,51,1610,MASON,Virginia,G5101139,993855128.380615,14420292886.0674,547922512.875524,0.551310243544557,0.0379966285847713
1970,1790,Fleming,210,0690,51,690,FLEMING,Kentucky,G2100690,Mason (old),510,1139,51,1610,MASON,Virginia,G5101139,910295422.175286,14420292886.0674,910295422.175286,1,0.0631260009326713
1970,1790,Floyd,210,0710,51,710,FLOYD,Kentucky,G2100710,Mason (old),510,1139,51,1610,MASON,Virginia,G5101139,1024239854.20755,14420292886.0674,976439988.267591,0.953331374732589,0.0677129095769619
1970,1790,Martin,210,1590,51,1590,MARTIN,Kentucky,G2101590,Mason (old),510,1139,51,1610,MASON,Virginia,G5101139,597802318.560456,14420292886.0674,597802318.560456,1,0.0414556294579869
1970,1790,Knott,210,1190,51,1190,KNOTT,Kentucky,G2101190,Mason (old),510,1139,51,1610,MASON,Virginia,G5101139,914302712.396886,14420292886.0674,45195063.9997482,0.0494311822408,0.00313412940755279
1970,1790,Lawrence,210,1270,51,1270,LAWRENCE,Kentucky,G2101270,Mason (old),510,1139,51,1610,MASON,Virginia,G5101139,1088118366.2635,14420292886.0674,1088118366.2635,1,0.075457438684537
1970,1790,Bracken,210,0230,51,230,BRACKEN,Kentucky,G2100230,Mason (old),510,1139,51,1610,MASON,Virginia,G5101139,541026683.906025,14420292886.0674,541026683.906025,1,0.0375184254703143
1970,1790,Greenup,210,0890,51,890,GREENUP,Kentucky,G2100890,Mason (old),510,1139,51,1610,MASON,Virginia,G5101139,918188891.391948,14420292886.0674,918188891.391948,1,0.0636733871251035
1970,1790,Carter,210,0430,51,430,CARTER,Kentucky,G2100430,Mason (old),510,1139,51,1610,MASON,Virginia,G5101139,1067453022.34865,14420292886.0674,1067453022.34865,1,0.0740243648851264
1970,1790,Lewis,210,1350,51,1350,LEWIS,Kentucky,G2101350,Mason (old),510,1139,51,1610,MASON,Virginia,G5101139,1283861435.8347,14420292886.0674,1283861435.8347,1,0.0890315783443716
1970,1790,Pike,210,1950,51,1950,PIKE,Kentucky,G2101950,Mason (old),510,1139,51,1610,MASON,Virginia,G5101139,2043103949.53474,14420292886.0674,1953494058.11298,0.956140317068958,0.135468403696599
1970,1790,Elliott,210,0630,51,630,ELLIOTT,Kentucky,G2100630,Mason (old),510,1139,51,1610,MASON,Virginia,G5101139,609174356.827319,14420292886.0674,609174356.827319,1,0.0422442430011869
1970,1790,Mason,210,1610,51,1610,MASON,Kentucky,G2101610,Mason (old),510,1139,51,1610,MASON,Virginia,G5101139,638695983.867689,14420292886.0674,638695983.867689,1,0.0442914709787055
1970,1790,Magoffin,210,1530,51,1530,MAGOFFIN,Kentucky,G2101530,Mason (old),510,1139,51,1610,MASON,Virginia,G5101139,801455670.048906,14420292886.0674,439904062.93979,0.548881341014091,0.0305059034802834
1970,1790,Campbell,210,0370,51,370,CAMPBELL,Kentucky,G2100370,Mason (old),510,1139,51,1610,MASON,Virginia,G5101139,412920314.836877,14420292886.0674,412920314.836877,1,0.028634669080531
1970,1790,Rowan,210,2050,51,2050,ROWAN,Kentucky,G2102050,Mason (old),510,1139,51,1610,MASON,Virginia,G5101139,741383456.784484,14420292886.0674,741383456.784484,1,0.0514125103173731
1970,1790,Boyd,210,0190,51,190,BOYD,Kentucky,G2100190,Mason (old),510,1139,51,1610,MASON,Virginia,G5101139,419106512.421827,14420292886.0674,419106512.421827,1,0.0290636615867045
1970,1790,Beaufort,370,0130,47,130,BEAUFORT,North Carolina,G3700130,Hyde,370,0950,47,950,HYDE,North Carolina,G3700950,2159036164.78696,2348573179.13225,406851835.870947,0.188441417752302,0.173233620943108
1970,1790,Tyrrell,370,1770,47,1770,TYRRELL,North Carolina,G3701770,Hyde,370,0950,47,950,HYDE,North Carolina,G3700950,1013190111.9322,2348573179.13225,83549935.8009394,0.0824622494998552,0.0355747636664272
1970,1790,Dare,370,0550,47,550,DARE,North Carolina,G3700550,Hyde,370,0950,47,950,HYDE,North Carolina,G3700950,1001387389.98769,2348573179.13225,106436407.809568,0.106288943593424,0.0453196045817461
1970,1790,Hyde,370,0950,47,950,HYDE,North Carolina,G3700950,Hyde,370,0950,47,950,HYDE,North Carolina,G3700950,1782830606.51135,2348573179.13225,1751734995.50135,0.982558291911503,0.745872009041922
1970,1790,Harrisonburg City,510,6600,40,6600,HARRISONBURG,Virginia,G5106600,Rockingham,510,1650,40,1650,ROCKINGHAM,Virginia,G5101650,15493355.6415151,2453751478.25208,15493355.6415151,1,0.00631415030366144
1970,1790,Page,510,1390,40,1390,PAGE,Virginia,G5101390,Rockingham,510,1650,40,1650,ROCKINGHAM,Virginia,G5101650,813492968.014414,2453751478.25208,198163266.601742,0.243595549553946,0.080759306049569
1970,1790,Rockingham,510,1650,40,1650,ROCKINGHAM,Virginia,G5101650,Rockingham,510,1650,40,1650,ROCKINGHAM,Virginia,G5101650,2240094854.9442,2453751478.25208,2240094854.9442,1,0.912926543212895
1970,1790,Marion,450,0670,48,670,MARION,South Carolina,G4500670,Georgetown,450,0430,48,430,GEORGETOWN,South Carolina,G4500430,1279700235.61457,11252435533.4007,1279700235.61457,1,0.113726511190935
1970,1790,Dillon,450,0330,48,330,DILLON,South Carolina,G4500330,Georgetown,450,0430,48,430,GEORGETOWN,South Carolina,G4500430,1052939797.20937,11252435533.4007,1052939797.20937,1,0.0935743905471772
1970,1790,Horry,450,0510,48,510,HORRY,South Carolina,G4500510,Georgetown,450,0430,48,430,GEORGETOWN,South Carolina,G4500430,2963677951.61554,11252435533.4007,2963677951.61554,1,0.2633810202972
1970,1790,Williamsburg,450,0890,48,890,WILLIAMSBURG,South Carolina,G4500890,Georgetown,450,0430,48,430,GEORGETOWN,South Carolina,G4500430,2426637442.8498,11252435533.4007,2398498450.93505,0.988404121926968,0.2131537162613
1970,1790,Florence,450,0410,48,410,FLORENCE,South Carolina,G4500410,Georgetown,450,0430,48,430,GEORGETOWN,South Carolina,G4500430,2081699987.3014,11252435533.4007,1388925285.51059,0.667207231581493,0.123433303073618
1970,1790,Georgetown,450,0430,48,430,GEORGETOWN,South Carolina,G4500430,Georgetown,450,0430,48,430,GEORGETOWN,South Carolina,G4500430,2168693814.08187,11252435533.4007,2168693814.08187,1,0.192731058768968
1970,1790,Clinton,420,0350,14,350,CLINTON,Pennsylvania,G4200350,Northumberland,420,0970,14,970,NORTHUMBERLAND,Pennsylvania,G4200970,2326028580.65899,32256508768.8232,1696774629.96627,0.729472820787764,0.052602550453515
1970,1790,Forest,420,0530,14,530,FOREST,Pennsylvania,G4200530,Northumberland,420,0970,14,970,NORTHUMBERLAND,Pennsylvania,G4200970,1117293876.40216,32256508768.8232,1003376099.69897,0.898041348736269,0.0311061592836965
1970,1790,Bradford,420,0150,14,150,BRADFORD,Pennsylvania,G4200150,Northumberland,420,0970,14,970,NORTHUMBERLAND,Pennsylvania,G4200970,3007041256.67374,32256508768.8232,216823240.06437,0.0721051763367592,0.00672184462423706
1970,1790,Columbia,420,0370,14,370,COLUMBIA,Pennsylvania,G4200370,Northumberland,420,0970,14,970,NORTHUMBERLAND,Pennsylvania,G4200970,1268535745.26748,32256508768.8232,1268535745.26748,1,0.03932650474851
1970,1790,Jefferson,420,0650,14,650,JEFFERSON,Pennsylvania,G4200650,Northumberland,420,0970,14,970,NORTHUMBERLAND,Pennsylvania,G4200970,1701283050.87538,32256508768.8232,1701283050.87538,1,0.0527423182424415
1970,1790,Venango,420,1210,14,1210,VENANGO,Pennsylvania,G4201210,Northumberland,420,0970,14,970,NORTHUMBERLAND,Pennsylvania,G4200970,1769011201.49323,32256508768.8232,531650038.391438,0.300535145251013,0.0164819460841743
1970,1790,Sullivan,420,1130,14,1130,SULLIVAN,Pennsylvania,G4201130,Northumberland,420,0970,14,970,NORTHUMBERLAND,Pennsylvania,G4200970,1171567581.32297,32256508768.8232,1171108759.68263,0.999608369463566,0.036306122527883
1970,1790,Elk,420,0470,14,470,ELK,Pennsylvania,G4200470,Northumberland,420,0970,14,970,NORTHUMBERLAND,Pennsylvania,G4200970,2155462227.45089,32256508768.8232,2155462227.45089,1,0.0668225517801297
1970,1790,Mifflin,420,0870,14,870,MIFFLIN,Pennsylvania,G4200870,Northumberland,420,0970,14,970,NORTHUMBERLAND,Pennsylvania,G4200970,1073818981.69831,32256508768.8232,175953063.460678,0.163857285501134,0.00545480804267141
1970,1790,Lycoming,420,0810,14,810,LYCOMING,Pennsylvania,G4200810,Northumberland,420,0970,14,970,NORTHUMBERLAND,Pennsylvania,G4200970,3221307179.05684,32256508768.8232,3217332383.75146,0.998766092432531,0.0997421142755878
1970,1790,Schuylkill,420,1070,14,1070,SCHUYLKILL,Pennsylvania,G4201070,Northumberland,420,0970,14,970,NORTHUMBERLAND,Pennsylvania,G4200970,2026939296.1496,32256508768.8232,169204636.408039,0.0834779002654213,0.00524559671416085
1970,1790,Cameron,420,0230,14,230,CAMERON,Pennsylvania,G4200230,Northumberland,420,0970,14,970,NORTHUMBERLAND,Pennsylvania,G4200970,1032367154.65041,32256508768.8232,1032367154.65041,1,0.0320049253330298
1970,1790,Snyder,420,1090,14,1090,SNYDER,Pennsylvania,G4201090,Northumberland,420,0970,14,970,NORTHUMBERLAND,Pennsylvania,G4200970,860276884.654205,32256508768.8232,860276884.596069,0.999999999932422,0.0266698696613922
1970,1790,Luzerne,420,0790,14,790,LUZERNE,Pennsylvania,G4200790,Northumberland,420,0970,14,970,NORTHUMBERLAND,Pennsylvania,G4200970,2349435589.31885,32256508768.8232,582041520.27308,0.247736742781626,0.0180441573650909
1970,1790,Warren,420,1230,14,1230,WARREN,Pennsylvania,G4201230,Northumberland,420,0970,14,970,NORTHUMBERLAND,Pennsylvania,G4200970,2325296481.82688,32256508768.8232,813220984.516582,0.349727869487709,0.0252110664035217
1970,1790,Wyoming,420,1310,14,1310,WYOMING,Pennsylvania,G4201310,Northumberland,420,0970,14,970,NORTHUMBERLAND,Pennsylvania,G4200970,1048402447.05948,32256508768.8232,41054843.2020161,0.0391594309200299,0.00127276152221708
1970,1790,Montour,420,0930,14,930,MONTOUR,Pennsylvania,G4200930,Northumberland,420,0970,14,970,NORTHUMBERLAND,Pennsylvania,G4200970,342651395.985011,32256508768.8232,342651395.985011,1,0.010622705589149
1970,1790,Centre,420,0270,14,270,CENTRE,Pennsylvania,G4200270,Northumberland,420,0970,14,970,NORTHUMBERLAND,Pennsylvania,G4200970,2879676542.30276,32256508768.8232,527368729.632329,0.183134710404181,0.0163492191114633
1970,1790,Armstrong,420,0050,14,50,ARMSTRONG,Pennsylvania,G4200050,Northumberland,420,0970,14,970,NORTHUMBERLAND,Pennsylvania,G4200970,1720892012.26738,32256508768.8232,581176623.961677,0.337718241364803,0.0180173442862918
1970,1790,Union,420,1190,14,1190,UNION,Pennsylvania,G4201190,Northumberland,420,0970,14,970,NORTHUMBERLAND,Pennsylvania,G4200970,821320750.701281,32256508768.8232,821320750.701281,1,0.0254621712655745
1970,1790,Mckean,420,0830,14,830,MCKEAN,Pennsylvania,G4200830,Northumberland,420,0970,14,970,NORTHUMBERLAND,Pennsylvania,G4200970,2548981256.94382,32256508768.8232,2548981256.94382,1,0.0790222300625256
1970,1790,Clarion,420,0310,14,310,CLARION,Pennsylvania,G4200310,Northumberland,420,0970,14,970,NORTHUMBERLAND,Pennsylvania,G4200970,1577154337.39567,32256508768.8232,1577154337.39567,1,0.048894142534112
1970,1790,Tioga,420,1170,14,1170,TIOGA,Pennsylvania,G4201170,Northumberland,420,0970,14,970,NORTHUMBERLAND,Pennsylvania,G4200970,2945586002.96345,32256508768.8232,2945586002.96345,1,0.0913175701708438
1970,1790,Clearfield,420,0330,14,330,CLEARFIELD,Pennsylvania,G4200330,Northumberland,420,0970,14,970,NORTHUMBERLAND,Pennsylvania,G4200970,2988325392.99642,32256508768.8232,1630427700.18351,0.545599118491129,0.0505456964319511
1970,1790,Northumberland,420,0970,14,970,NORTHUMBERLAND,Pennsylvania,G4200970,Northumberland,420,0970,14,970,NORTHUMBERLAND,Pennsylvania,G4200970,1236401323.5415,32256508768.8232,1236401323.5415,1,0.038330289629376
1970,1790,Potter,420,1050,14,1050,POTTER,Pennsylvania,G4201050,Northumberland,420,0970,14,970,NORTHUMBERLAND,Pennsylvania,G4200970,2800828917.17717,32256508768.8232,2800828917.17717,1,0.0868298840785973
1970,1790,Indiana,420,0630,14,630,INDIANA,Pennsylvania,G4200630,Northumberland,420,0970,14,970,NORTHUMBERLAND,Pennsylvania,G4200970,2160788575.03515,32256508768.8232,608146464.822031,0.281446538475954,0.0188534496767927
1970,1790,Richmond,370,1530,47,1530,RICHMOND,North Carolina,G3701530,Richmond,370,1530,47,1530,RICHMOND,North Carolina,G3701530,1242122138.75793,2072603931.87668,1242122138.75793,1,0.599305115489781
1970,1790,Scotland,370,1650,47,1650,SCOTLAND,North Carolina,G3701650,Richmond,370,1530,47,1530,RICHMOND,North Carolina,G3701530,830473536.752325,2072603931.87668,830473536.752325,1,0.400690900938491
1970,1790,Montgomery,370,1230,47,1230,MONTGOMERY,North Carolina,G3701230,Richmond,370,1530,47,1530,RICHMOND,North Carolina,G3701530,1299237105.8186,2072603931.87668,8256.36642045993,6.35478034262107e-06,3.98357172515062e-06
1970,1790,Washington,230,0290,2,290,WASHINGTON,Maine,G2300290,Washington,250,0255,2,290,WASHINGTON,Massachusetts,G2500255,7143590994.26271,10338730969.0398,7050376671.62047,0.986951335439403,0.681938304878365
1970,1790,Penobscot,230,0190,2,190,PENOBSCOT,Maine,G2300190,Washington,250,0255,2,290,WASHINGTON,Massachusetts,G2500255,9210116017.44726,10338730969.0398,151296068.529427,0.016427162072966,0.0146339109686184
1970,1790,Aroostook,230,0030,2,30,AROOSTOOK,Maine,G2300030,Washington,250,0255,2,290,WASHINGTON,Massachusetts,G2500255,17686117690.5145,10338730969.0398,3081780491.53999,0.174248557284724,0.298081118540431
1970,1790,Hancock,230,0090,2,90,HANCOCK,Maine,G2300090,Washington,250,0255,2,290,WASHINGTON,Massachusetts,G2500255,4395366459.92026,10338730969.0398,55277737.4887244,0.0125763660420085,0.00534666562600944
1970,1790,Camden,130,0390,44,390,CAMDEN,Georgia,G1300390,Camden,130,0390,44,390,CAMDEN,Georgia,G1300390,1689465644.66958,2105710203.05383,1689465644.66958,1,0.802325810180058
1970,1790,Brantley,130,0250,44,250,BRANTLEY,Georgia,G1300250,Camden,130,0390,44,390,CAMDEN,Georgia,G1300390,1158821828.32886,2105710203.05383,100015989.622558,0.0863083410905294,0.0474975091432375
1970,1790,Charlton,130,0490,44,490,CHARLTON,Georgia,G1300490,Camden,130,0390,44,390,CAMDEN,Georgia,G1300390,2027849792.1828,2105710203.05383,316228568.880586,0.155942797193176,0.150176680733166
1970,1790,Monmouth,340,0250,12,250,MONMOUTH,New Jersey,G3400250,Middlesex,340,0230,12,230,MIDDLESEX,New Jersey,G3400230,1235281200.7122,981530284.893336,1210586.77101564,0.00098000906216146,0.00123336670263536
1970,1790,Middlesex,340,0230,12,230,MIDDLESEX,New Jersey,G3400230,Middlesex,340,0230,12,230,MIDDLESEX,New Jersey,G3400230,813209495.419374,981530284.893336,809728750.573846,0.9957197439711,0.824965630746523
1970,1790,Mercer,340,0210,12,210,MERCER,New Jersey,G3400210,Middlesex,340,0230,12,230,MIDDLESEX,New Jersey,G3400230,589813518.510609,981530284.893336,170590947.489378,0.289228615715951,0.173801002490632
1970,1790,Talbot,240,0410,52,390,TALBOT,Maryland,G2400410,Talbot,240,0410,52,390,TALBOT,Maryland,G2400410,712531686.240996,712531686.240996,712531686.240996,1,1
1970,1790,Warren,360,1130,13,1130,WARREN,New York,G3601130,Washington,360,1150,13,1150,WASHINGTON,New York,G3601150,2412971473.38274,4124019525.3673,2412971473.38274,1,0.585101854765789
1970,1790,Washington,360,1150,13,1150,WASHINGTON,New York,G3601150,Washington,360,1150,13,1150,WASHINGTON,New York,G3601150,2190675107.79365,4124019525.3673,1711048051.98459,0.781059704333741,0.414898145234218
1970,1790,Madison,130,1950,44,1950,MADISON,Georgia,G1301950,Wilkes,130,3170,44,3170,WILKES,Georgia,G1303170,739635356.147628,5498348299.39789,404201477.822303,0.546487501527207,0.0735132544925475
1970,1790,Wilkes,130,3170,44,3170,WILKES,Georgia,G1303170,Wilkes,130,3170,44,3170,WILKES,Georgia,G1303170,1227655754.19151,5498348299.39789,1227655754.19151,1,0.223277189319918
1970,1790,Oglethorpe,130,2210,44,2210,OGLETHORPE,Georgia,G1302210,Wilkes,130,3170,44,3170,WILKES,Georgia,G1303170,1145229949.32069,5498348299.39789,987888745.345577,0.862611692901986,0.179670092099069
1970,1790,Taliaferro,130,2650,44,2650,TALIAFERRO,Georgia,G1302650,Wilkes,130,3170,44,3170,WILKES,Georgia,G1303170,506259609.219269,5498348299.39789,387538490.927024,0.765493600259102,0.070482710411318
1970,1790,Elbert,130,1050,44,1050,ELBERT,Georgia,G1301050,Wilkes,130,3170,44,3170,WILKES,Georgia,G1303170,970052748.466641,5498348299.39789,970052748.466641,1,0.176426209407809
1970,1790,Hart,130,1470,44,1470,HART,Georgia,G1301470,Wilkes,130,3170,44,3170,WILKES,Georgia,G1303170,664126540.910199,5498348299.39789,285983767.581281,0.430616381012773,0.0520126685340393
1970,1790,Warren,130,3010,44,3010,WARREN,Georgia,G1303010,Wilkes,130,3170,44,3170,WILKES,Georgia,G1303170,742656070.438244,5498348299.39789,429089617.224682,0.577777028027892,0.0780397300897926
1970,1790,Clarke,130,0590,44,590,CLARKE,Georgia,G1300590,Wilkes,130,3170,44,3170,WILKES,Georgia,G1303170,314126415.249589,5498348299.39789,6769137.31029611,0.0215490865514055,0.00123112195548568
1970,1790,Greene,130,1330,44,1330,GREENE,Georgia,G1301330,Wilkes,130,3170,44,3170,WILKES,Georgia,G1303170,1052160131.64053,5498348299.39789,132801196.738104,0.126217666631258,0.0241529254799386
1970,1790,Lincoln,130,1810,44,1810,LINCOLN,Georgia,G1301810,Wilkes,130,3170,44,3170,WILKES,Georgia,G1303170,666367363.489488,5498348299.39789,666367363.489488,1,0.121194098155342
1970,1790,Hopewell City,510,6700,40,6700,HOPEWELL,Virginia,G5106700,Prince George,510,1490,40,1490,PRINCE GEORGE,Virginia,G5101490,28042637.1902299,789353226.257848,28042637.1902299,1,0.0355260943483743
1970,1790,Prince George,510,1490,40,1490,PRINCE GEORGE,Virginia,G5101490,Prince George,510,1490,40,1490,PRINCE GEORGE,Virginia,G5101490,724683623.897265,789353226.257848,724683623.897265,1,0.918072669865217
1970,1790,Petersburg City,510,7300,40,7300,PETERSBURG,Virginia,G5107300,Prince George,510,1490,40,1490,PRINCE GEORGE,Virginia,G5101490,60051157.1433675,789353226.257848,36626964.3415297,0.609929368289867,0.0464012347364059
1970,1790,King William,510,1010,40,1010,KING WILLIAM,Virginia,G5101010,King William,510,1010,40,1010,KING WILLIAM,Virginia,G5101010,737083381.007927,737083381.007927,737083381.007927,1,1
1970,1790,Saratoga,360,0910,13,910,SARATOGA,New York,G3600910,Albany,360,0010,13,10,ALBANY,New York,G3600010,2185178641.82623,8481032963.27919,2185178641.82623,1,0.257654775224613
1970,1790,Albany,360,0010,13,10,ALBANY,New York,G3600010,Albany,360,0010,13,10,ALBANY,New York,G3600010,1380992937.58624,8481032963.27919,1380992937.58624,1,0.162833105774451
1970,1790,Rensselaer,360,0830,13,830,RENSSELAER,New York,G3600830,Albany,360,0010,13,10,ALBANY,New York,G3600010,1723331849.00484,8481032963.27919,1723331849.00484,1,0.203198343464345
1970,1790,Schenectady,360,0930,13,930,SCHENECTADY,New York,G3600930,Albany,360,0010,13,10,ALBANY,New York,G3600010,542915613.98807,8481032963.27919,542915613.98807,1,0.0640152698779456
1970,1790,Schoharie,360,0950,13,950,SCHOHARIE,New York,G3600950,Albany,360,0010,13,10,ALBANY,New York,G3600010,1622242111.26514,8481032963.27919,1119211664.7911,0.689916540212518,0.13196643258398
1970,1790,Greene,360,0390,13,390,GREENE,New York,G3600390,Albany,360,0010,13,10,ALBANY,New York,G3600010,1704542562.68618,8481032963.27919,1049775196.20679,0.615869159965389,0.123779167084017
1970,1790,Washington,360,1150,13,1150,WASHINGTON,New York,G3601150,Albany,360,0010,13,10,ALBANY,New York,G3600010,2190675107.79365,8481032963.27919,479627055.808841,0.218940295666161,0.0565529055110986
1970,1790,Hartford,090,0030,1,30,HARTFORD,Connecticut,G0900030,Tolland,090,0130,1,130,TOLLAND,Connecticut,G0900130,1943959499.01766,893103845.358563,11393156.2120657,0.00586079916676401,0.0127568101640986
1970,1790,Tolland,090,0130,1,130,TOLLAND,Connecticut,G0900130,Tolland,090,0130,1,130,TOLLAND,Connecticut,G0900130,1080049965.92191,893103845.358563,881710687.593136,0.816361016076253,0.987243188096618
1970,1790,Fairfax,510,0590,40,590,FAIRFAX,Virginia,G5100590,Loudoun,510,1070,40,1070,LOUDOUN,Virginia,G5101070,1030423066.18706,1675151801.28036,325507434.046624,0.315896882288475,0.194315186120942
1970,1790,Loudoun,510,1070,40,1070,LOUDOUN,Virginia,G5101070,Loudoun,510,1070,40,1070,LOUDOUN,Virginia,G5101070,1349644367.23377,1675151801.28036,1349644367.23377,1,0.805684813879077
1970,1790,Clarendon,450,0270,48,270,CLARENDON,South Carolina,G4500270,Clarendon,450,0270,48,270,CLARENDON,South Carolina,G4500270,1801777756.73337,2077207314.45664,1801777756.73337,1,0.86740391495525
1970,1790,Sumter,450,0850,48,850,SUMTER,South Carolina,G4500850,Clarendon,450,0270,48,270,CLARENDON,South Carolina,G4500270,1766482792.73295,2077207314.45664,148865976.303265,0.0842725312217465,0.0716664028993205
1970,1790,Williamsburg,450,0890,48,890,WILLIAMSBURG,South Carolina,G4500890,Clarendon,450,0270,48,270,CLARENDON,South Carolina,G4500270,2426637442.8498,2077207314.45664,28138996.7282177,0.0115958800566317,0.013546551917269
1970,1790,Florence,450,0410,48,410,FLORENCE,South Carolina,G4500410,Clarendon,450,0270,48,270,CLARENDON,South Carolina,G4500270,2081699987.3014,2077207314.45664,98424591.7398823,0.0472808725273975,0.0473831336212238
1970,1790,Chester,420,0290,14,290,CHESTER,Pennsylvania,G4200290,Chester,420,0290,14,290,CHESTER,Pennsylvania,G4200290,1967886858.22398,1967886858.22398,1967886858.22398,1,1
1970,1790,Forsyth,370,0670,47,670,FORSYTH,North Carolina,G3700670,Surry,370,1710,47,1710,SURRY,North Carolina,G3701710,1069462000.62406,2124581347.0629,34832413.9892955,0.0325700342499031,0.0163949542517866
1970,1790,Yadkin,370,1970,47,1970,YADKIN,North Carolina,G3701970,Surry,370,1710,47,1710,SURRY,North Carolina,G3701710,874104410.393053,2124581347.0629,859973454.168048,0.983833789125201,0.404773135825985
1970,1790,Surry,370,1710,47,1710,SURRY,North Carolina,G3701710,Surry,370,1710,47,1710,SURRY,North Carolina,G3701710,1392867229.72374,2124581347.0629,1227451216.42661,0.881240645362919,0.577737923814253
1970,1790,Davie,370,0590,47,590,DAVIE,North Carolina,G3700590,Surry,370,1710,47,1710,SURRY,North Carolina,G3701710,691237222.736408,2124581347.0629,2324260.86315788,0.0033624648481122,0.00109398534745258
1970,1790,Charles City,510,0360,40,360,CHARLES CITY,Virginia,G5100360,Charles City,510,0360,40,360,CHARLES CITY,Virginia,G5100360,509216333.677038,509216333.677038,509216333.677038,1,1
1970,1790,Clinton,420,0350,14,350,CLINTON,Pennsylvania,G4200350,Mifflin,420,0870,14,870,MIFFLIN,Pennsylvania,G4200870,2326028580.65899,4607855374.86073,629253954.180051,0.270527180711501,0.13656113375717
1970,1790,Juniata,420,0670,14,670,JUNIATA,Pennsylvania,G4200670,Mifflin,420,0870,14,870,MIFFLIN,Pennsylvania,G4200870,1019337156.98884,4607855374.86073,965849004.639792,0.947526535276064,0.209609227301103
1970,1790,Mifflin,420,0870,14,870,MIFFLIN,Pennsylvania,G4200870,Mifflin,420,0870,14,870,MIFFLIN,Pennsylvania,G4200870,1073818981.69831,4607855374.86073,815026364.16259,0.758997911243453,0.176877592254558
1970,1790,Centre,420,0270,14,270,CENTRE,Pennsylvania,G4200270,Mifflin,420,0870,14,870,MIFFLIN,Pennsylvania,G4200870,2879676542.30276,4607855374.86073,2197726054.20056,0.763185038984665,0.476952047191147
1970,1790,Caldwell,370,0270,47,270,CALDWELL,North Carolina,G3700270,Wilkes,370,1930,47,1930,WILKES,North Carolina,G3701930,1228422501.71109,4737625255.53295,316177915.175147,0.257385317132124,0.0667376371328421
1970,1790,Watauga,370,1890,47,1890,WATAUGA,North Carolina,G3701890,Wilkes,370,1930,47,1930,WILKES,North Carolina,G3701930,809965398.128635,4737625255.53295,465784359.109346,0.575066984571818,0.0983159988362035
1970,1790,Wilkes,370,1930,47,1930,WILKES,North Carolina,G3701930,Wilkes,370,1930,47,1930,WILKES,North Carolina,G3701930,1968207715.52096,4737625255.53295,1957715633.71876,0.994669220266001,0.413227203108223
1970,1790,Ashe,370,0090,47,90,ASHE,North Carolina,G3700090,Wilkes,370,1930,47,1930,WILKES,North Carolina,G3701930,1105370197.20168,4737625255.53295,1105370197.20168,1,0.233317355759776
1970,1790,Surry,370,1710,47,1710,SURRY,North Carolina,G3701710,Wilkes,370,1930,47,1930,WILKES,North Carolina,G3701930,1392867229.72374,4737625255.53295,165416013.297131,0.118759354637081,0.0349153857418219
1970,1790,Alexander,370,0030,47,30,ALEXANDER,North Carolina,G3700030,Wilkes,370,1930,47,1930,WILKES,North Carolina,G3701930,681523519.258282,4737625255.53295,117175182.8865,0.171931238725296,0.0247328939218343
1970,1790,Alleghany,370,0050,47,50,ALLEGHANY,North Carolina,G3700050,Wilkes,370,1930,47,1930,WILKES,North Carolina,G3701930,609985952.144929,4737625255.53295,609985952.144929,1,0.128753525077262
1970,1790,Berkeley,540,0030,56,30,BERKELEY,West Virginia,G5400030,Berkeley,510,0195,40,195,BERKELEY,Virginia,G5100195,832879003.742453,1793942050.84193,832879003.742453,1,0.464273081369362
1970,1790,Jefferson,540,0370,56,370,JEFFERSON,West Virginia,G5400370,Berkeley,510,0195,40,195,BERKELEY,Virginia,G5100195,547958724.765719,1793942050.84193,547958724.765719,1,0.30544951243467
1970,1790,Morgan,540,0650,56,650,MORGAN,West Virginia,G5400650,Berkeley,510,0195,40,195,BERKELEY,Virginia,G5100195,594836684.469703,1793942050.84193,413104322.333904,0.694483600489749,0.230277406196052
1970,1790,Windham,500,0250,6,250,WINDHAM,Vermont,G5000250,Windham,500,0250,6,250,WINDHAM,Vermont,G5000250,2067087801.49977,2067087801.49977,2067087801.49977,1,1
1970,1790,Chester,450,0230,48,230,CHESTER,South Carolina,G4500230,Chester,450,0230,48,230,CHESTER,South Carolina,G4500230,1518160608.54578,1518160608.54578,1518160608.54578,1,1
1970,1790,Randolph,370,1510,47,1510,RANDOLPH,North Carolina,G3701510,Randolph,370,1510,47,1510,RANDOLPH,North Carolina,G3701510,2045921109.28816,2045921109.28816,2045921109.28816,1,1
1970,1790,Suffolk,250,0250,3,250,SUFFOLK,Massachusetts,G2500250,Middlesex,250,0170,3,170,MIDDLESEX,Massachusetts,G2500170,156366844.181778,2204703622.89886,20232794.2971669,0.129393122966951,0.00917710393679295
1970,1790,Worcester,250,0270,3,270,WORCESTER,Massachusetts,G2500270,Middlesex,250,0170,3,170,MIDDLESEX,Massachusetts,G2500170,4089604891.4053,2204703622.89886,5373443.00709337,0.00131392717628693,0.00243726320004322
1970,1790,Middlesex,250,0170,3,170,MIDDLESEX,Massachusetts,G2500170,Middlesex,250,0170,3,170,MIDDLESEX,Massachusetts,G2500170,2194802062.65308,2204703622.89886,2166096815.34955,0.986921259191439,0.982488890049287
1970,1790,Norfolk,250,0210,3,210,NORFOLK,Massachusetts,G2500210,Middlesex,250,0170,3,170,MIDDLESEX,Massachusetts,G2500170,1060181122.86782,2204703622.89886,13000571.7056362,0.0122625949710077,0.00589674347636004
1970,1790,Baltimore City,240,5100,52,5100,BALTIMORE CITY,Maryland,G2405100,Anne Arundel,240,0030,52,30,ANNE ARUNDEL,Maryland,G2400030,210323804.630576,1755501132.37384,5025185.80347571,0.0238926155425071,0.00286253634976613
1970,1790,Howard,240,0270,52,250,HOWARD,Maryland,G2400270,Anne Arundel,240,0030,52,30,ANNE ARUNDEL,Maryland,G2400030,656682421.33661,1755501132.37384,656682421.33661,1,0.374071203502231
1970,1790,Anne Arundel,240,0030,52,30,ANNE ARUNDEL,Maryland,G2400030,Anne Arundel,240,0030,52,30,ANNE ARUNDEL,Maryland,G2400030,1093793525.23376,1755501132.37384,1093793525.23376,1,0.623066260148009
1970,1790,Monmouth,340,0250,12,250,MONMOUTH,New Jersey,G3400250,Monmouth,340,0250,12,250,MONMOUTH,New Jersey,G3400250,1235281200.7122,2801768419.54546,1234070613.9412,0.999019990937854,0.440461319119804
1970,1790,Ocean,340,0290,12,290,OCEAN,New Jersey,G3400290,Monmouth,340,0250,12,250,MONMOUTH,New Jersey,G3400250,1704201820.35261,2801768419.54546,1567697805.60336,0.919901496924226,0.559538680879875
1970,1790,Fairfield,450,0390,48,390,FAIRFIELD,South Carolina,G4500390,Fairfield,450,0390,48,390,FAIRFIELD,South Carolina,G4500390,1838729178.5653,2288339990.71683,1838729178.5653,1,0.803520974166655
1970,1790,Richland,450,0790,48,790,RICHLAND,South Carolina,G4500790,Fairfield,450,0390,48,390,FAIRFIELD,South Carolina,G4500390,1998757878.96843,2288339990.71683,270320603.464682,0.13524429662496,0.118129563159888
1970,1790,Kershaw,450,0550,48,550,KERSHAW,South Carolina,G4500550,Fairfield,450,0390,48,390,FAIRFIELD,South Carolina,G4500390,2031435741.02372,2288339990.71683,179290207.376318,0.0882578777933518,0.0783494621007583
1970,1790,Appomattox,510,0110,40,110,APPOMATTOX,Virginia,G5100110,Prince Edward,510,1470,40,1470,PRINCE EDWARD,Virginia,G5101470,866956618.772393,1039210623.36487,122739384.923718,0.141575001869778,0.118108285427548
1970,1790,Prince Edward,510,1470,40,1470,PRINCE EDWARD,Virginia,G5101470,Prince Edward,510,1470,40,1470,PRINCE EDWARD,Virginia,G5101470,916471238.302469,1039210623.36487,916471238.302469,1,0.881891714439001
1970,1790,Halifax,370,0830,47,830,HALIFAX,North Carolina,G3700830,Halifax,370,0830,47,830,HALIFAX,North Carolina,G3700830,1894185847.75328,1894185847.75328,1894185847.75328,1,1
1970,1790,Nelson,510,1250,40,1250,NELSON,Virginia,G5101250,Amherst,510,0090,40,90,AMHERST,Virginia,G5100090,1228457012.47574,2468483006.34175,1228457012.47574,1,0.497656661731001
1970,1790,Amherst,510,0090,40,90,AMHERST,Virginia,G5100090,Amherst,510,0090,40,90,AMHERST,Virginia,G5100090,1240025993.866,2468483006.34175,1240025993.866,1,0.502343338268995
1970,1790,Washington,500,0230,6,230,WASHINGTON,Vermont,G5000230,Addison,500,0010,6,10,ADDISON,Vermont,G5000010,1801125223.63976,1949387789.87438,109969245.158965,0.0610558575914762,0.0564121955262947
1970,1790,Addison,500,0010,6,10,ADDISON,Vermont,G5000010,Addison,500,0010,6,10,ADDISON,Vermont,G5000010,2093371534.47018,1949387789.87438,1839143586.86814,0.878555744445819,0.943446756166793
1970,1790,Windsor,500,0270,6,270,WINDSOR,Vermont,G5000270,Addison,500,0010,6,10,ADDISON,Vermont,G5000010,2527195527.71016,1949387789.87438,274961.104200702,0.000108800882712007,0.000141049977653969
1970,1790,Oconee,130,2190,44,2190,OCONEE,Georgia,G1302190,Greene,130,1330,44,1330,GREENE,Georgia,G1301330,482112638.935413,1845186134.79424,44038511.4097986,0.0913448597967546,0.0238667040573169
1970,1790,Oglethorpe,130,2210,44,2210,OGLETHORPE,Georgia,G1302210,Greene,130,1330,44,1330,GREENE,Georgia,G1301330,1145229949.32069,1845186134.79424,154700184.157482,0.13508220270457,0.0838398800209568
1970,1790,Taliaferro,130,2650,44,2650,TALIAFERRO,Georgia,G1302650,Greene,130,1330,44,1330,GREENE,Georgia,G1301330,506259609.219269,1845186134.79424,118721119.296368,0.234506401724313,0.0643409990231724
1970,1790,Baldwin,130,0090,44,90,BALDWIN,Georgia,G1300090,Greene,130,1330,44,1330,GREENE,Georgia,G1301330,692823256.847062,1845186134.79424,25828735.8248107,0.0372804110854384,0.0139979026168495
1970,1790,Hancock,130,1410,44,1410,HANCOCK,Georgia,G1301410,Greene,130,1330,44,1330,GREENE,Georgia,G1301330,1239999471.42491,1845186134.79424,585507447.917116,0.472183627017435,0.317316197469914
1970,1790,Greene,130,1330,44,1330,GREENE,Georgia,G1301330,Greene,130,1330,44,1330,GREENE,Georgia,G1301330,1052160131.64053,1845186134.79424,916390136.536057,0.870960711186826,0.49663831700006
1970,1790,Cumberland,510,0490,40,490,CUMBERLAND,Virginia,G5100490,Cumberland,510,0490,40,490,CUMBERLAND,Virginia,G5100490,776299022.994046,776299022.994046,776299022.994046,1,1
1970,1790,Stokes,370,1690,47,1690,STOKES,North Carolina,G3701690,Stokes,370,1690,47,1690,STOKES,North Carolina,G3701690,1180743822.27453,2170326115.703,1180743822.27453,1,0.544039816749878
1970,1790,Forsyth,370,0670,47,670,FORSYTH,North Carolina,G3700670,Stokes,370,1690,47,1690,STOKES,North Carolina,G3701690,1069462000.62406,2170326115.703,967099823.753388,0.904286288983676,0.445601154939856
1970,1790,Yadkin,370,1970,47,1970,YADKIN,North Carolina,G3701970,Stokes,370,1690,47,1690,STOKES,North Carolina,G3701690,874104410.393053,2170326115.703,14130941.9963722,0.0161661945968423,0.0065109763432004
1970,1790,Davidson,370,0570,47,570,DAVIDSON,North Carolina,G3700570,Stokes,370,1690,47,1690,STOKES,North Carolina,G3701690,1467932188.84866,2170326115.703,8351527.67875314,0.00568931435811314,0.00384805196708789
1970,1790,Washington,510,1910,40,1910,WASHINGTON,Virginia,G5101910,Washington,510,1910,40,1910,WASHINGTON,Virginia,G5101910,1469936358.26935,2387235505.38366,1469936358.26935,1,0.615748364564106
1970,1790,Tazewell,510,1850,40,1850,TAZEWELL,Virginia,G5101850,Washington,510,1910,40,1910,WASHINGTON,Virginia,G5101910,1346514226.00765,2387235505.38366,45047080.8167747,0.033454589596381,0.0188699777274531
1970,1790,Bristol City,510,5200,40,5200,BRISTOL,Virginia,G5105200,Washington,510,1910,40,1910,WASHINGTON,Virginia,G5101910,30048772.0925864,2387235505.38366,30048772.0925864,1,0.0125872675841243
1970,1790,Smyth,510,1730,40,1730,SMYTH,Virginia,G5101730,Washington,510,1910,40,1910,WASHINGTON,Virginia,G5101910,1171472368.51203,2387235505.38366,522142175.078171,0.445714460804039,0.218722523982508
1970,1790,Scott,510,1690,40,1690,SCOTT,Virginia,G5101690,Washington,510,1910,40,1910,WASHINGTON,Virginia,G5101910,1395051313.18321,2387235505.38366,320061119.419222,0.229426055081022,0.134071866264315
1970,1790,Lebanon,420,0750,14,750,LEBANON,Pennsylvania,G4200750,Lancaster,420,0710,14,710,LANCASTER,Pennsylvania,G4200710,939129730.467336,2630295993.75178,82254679.033149,0.0875860665088484,0.0312720238439109
1970,1790,Lancaster,420,0710,14,710,LANCASTER,Pennsylvania,G4200710,Lancaster,420,0710,14,710,LANCASTER,Pennsylvania,G4200710,2548041314.71868,2630295993.75178,2548041314.71868,1,0.968727976156108
1970,1790,Richmond City,510,7600,40,7600,RICHMOND CITY,Virginia,G5107600,Henrico,510,0870,40,870,HENRICO,Virginia,G5100870,162002308.308794,704609254.154299,68742911.9899689,0.424332916657812,0.0975617501255742
1970,1790,Chesterfield,510,0410,40,410,CHESTERFIELD,Virginia,G5100410,Henrico,510,0870,40,870,HENRICO,Virginia,G5100870,1131796175.69604,704609254.154299,2348151.04897238,0.00207471194849047,0.00333255777599846
1970,1790,Henrico,510,0870,40,870,HENRICO,Virginia,G5100870,Henrico,510,0870,40,870,HENRICO,Virginia,G5100870,633518191.481268,704609254.154299,633518191.481268,1,0.899105692617737
1970,1790,Delaware,420,0450,14,450,DELAWARE,Pennsylvania,G4200450,Delaware,420,0450,14,450,DELAWARE,Pennsylvania,G4200450,480148235.143638,480148235.143638,480148235.143638,1,1
1970,1790,Oneida,360,0650,13,650,ONEIDA,New York,G3600650,Montgomery,360,0570,13,570,MONTGOMERY,New York,G3600570,3255873814.89087,54560437962.1733,3255873814.89087,1,0.0596746275597744
1970,1790,Schuyler,360,0970,13,970,SCHUYLER,New York,G3600970,Montgomery,360,0570,13,570,MONTGOMERY,New York,G3600570,886459919.136367,54560437962.1733,627240671.843373,0.707579280577583,0.011496254342354
1970,1790,Seneca,360,0990,13,990,SENECA,New York,G3600990,Montgomery,360,0570,13,570,MONTGOMERY,New York,G3600570,1010934131.21811,54560437962.1733,997377976.360472,0.986590466738611,0.0182802413912431
1970,1790,Tompkins,360,1090,13,1090,TOMPKINS,New York,G3601090,Montgomery,360,0570,13,570,MONTGOMERY,New York,G3600570,1273636047.08855,54560437962.1733,1273636047.08855,1,0.023343581808701
1970,1790,Onondaga,360,0670,13,670,ONONDAGA,New York,G3600670,Montgomery,360,0570,13,570,MONTGOMERY,New York,G3600570,2086720266.60885,54560437962.1733,2086720266.60885,1,0.0382460321901297
1970,1790,Otsego,360,0770,13,770,OTSEGO,New York,G3600770,Montgomery,360,0570,13,570,MONTGOMERY,New York,G3600570,2629077884.25107,54560437962.1733,2629077884.25107,1,0.0481865245670096
1970,1790,Hamilton,360,0410,13,410,HAMILTON,New York,G3600410,Montgomery,360,0570,13,570,MONTGOMERY,New York,G3600570,4682023443.80487,54560437962.1733,4563193146.83858,0.97461988424609,0.0836355666719947
1970,1790,Chemung,360,0150,13,150,CHEMUNG,New York,G3600150,Montgomery,360,0570,13,570,MONTGOMERY,New York,G3600570,1063925245.3722,54560437962.1733,1063925245.3722,1,0.0194999396102688
1970,1790,Delaware,360,0250,13,250,DELAWARE,New York,G3600250,Montgomery,360,0570,13,570,MONTGOMERY,New York,G3600570,3802175878.68107,54560437962.1733,1575750285.31736,0.41443382305186,0.0288808217853718
1970,1790,Cayuga,360,0110,13,110,CAYUGA,New York,G3600110,Montgomery,360,0570,13,570,MONTGOMERY,New York,G3600570,1901562165.38209,54560437962.1733,1901562165.38209,1,0.0348523992182841
1970,1790,Madison,360,0530,13,530,MADISON,New York,G3600530,Montgomery,360,0570,13,570,MONTGOMERY,New York,G3600570,1713368918.4487,54560437962.1733,1713368918.4487,1,0.0314031371895618
1970,1790,Franklin,360,0330,13,330,FRANKLIN,New York,G3600330,Montgomery,360,0570,13,570,MONTGOMERY,New York,G3600570,4392414271.85894,54560437962.1733,2005767745.81766,0.456643572685777,0.0367623102147431
1970,1790,Essex,360,0310,13,310,ESSEX,New York,G3600310,Montgomery,360,0570,13,570,MONTGOMERY,New York,G3600570,4963626169.54514,54560437962.1733,57106837.7787975,0.011505064206725,0.00104667117625393
1970,1790,Yates,360,1230,13,1230,YATES,New York,G3601230,Montgomery,360,0570,13,570,MONTGOMERY,New York,G3600570,973214206.478857,54560437962.1733,151286716.826244,0.155450584073991,0.00277282812376122
1970,1790,St. Lawrence,360,0890,13,890,ST LAWRENCE,New York,G3600890,Montgomery,360,0570,13,570,MONTGOMERY,New York,G3600570,7155060470.24068,54560437962.1733,7155060470.24068,1,0.131140084967816
1970,1790,Cortland,360,0230,13,230,CORTLAND,New York,G3600230,Montgomery,360,0570,13,570,MONTGOMERY,New York,G3600570,1298921149.73637,54560437962.1733,1298921149.73637,1,0.0238070147207564
1970,1790,Montgomery,360,0570,13,570,MONTGOMERY,New York,G3600570,Montgomery,360,0570,13,570,MONTGOMERY,New York,G3600570,1062725486.65348,54560437962.1733,1062725486.65348,1,0.019477950074196
1970,1790,Broome,360,0070,13,70,BROOME,New York,G3600070,Montgomery,360,0570,13,570,MONTGOMERY,New York,G3600570,1853029454.25761,54560437962.1733,1853029454.25761,1,0.0339628771957864
1970,1790,Herkimer,360,0430,13,430,HERKIMER,New York,G3600430,Montgomery,360,0570,13,570,MONTGOMERY,New York,G3600570,3777096393.50391,54560437962.1733,3777096393.50391,1,0.0692277506299082
1970,1790,Lewis,360,0490,13,490,LEWIS,New York,G3600490,Montgomery,360,0570,13,570,MONTGOMERY,New York,G3600570,3340760187.34498,54560437962.1733,3340760187.34498,1,0.0612304503431794
1970,1790,Oswego,360,0750,13,750,OSWEGO,New York,G3600750,Montgomery,360,0570,13,570,MONTGOMERY,New York,G3600570,2628523169.56875,54560437962.1733,2628523169.56875,1,0.0481763575906613
1970,1790,Wayne,360,1170,13,1170,WAYNE,New York,G3601170,Montgomery,360,0570,13,570,MONTGOMERY,New York,G3600570,1572569835.78608,54560437962.1733,640317517.378339,0.407179066269106,0.0117359306723724
1970,1790,Fulton,360,0350,13,350,FULTON,New York,G3600350,Montgomery,360,0570,13,570,MONTGOMERY,New York,G3600570,1380182590.28684,54560437962.1733,1380182590.28684,1,0.0252963986697415
1970,1790,Schoharie,360,0950,13,950,SCHOHARIE,New York,G3600950,Montgomery,360,0570,13,570,MONTGOMERY,New York,G3600570,1622242111.26514,54560437962.1733,503030494.009897,0.310083489090045,0.00921969311094326
1970,1790,Jefferson,360,0450,13,450,JEFFERSON,New York,G3600450,Montgomery,360,0570,13,570,MONTGOMERY,New York,G3600570,3336998352.25692,54560437962.1733,3336998352.25692,1,0.0611615023063132
1970,1790,Chenango,360,0170,13,170,CHENANGO,New York,G3600170,Montgomery,360,0570,13,570,MONTGOMERY,New York,G3600570,2327599854.36277,54560437962.1733,2327599854.36277,1,0.0426609452067905
1970,1790,Tioga,360,1070,13,1070,TIOGA,New York,G3601070,Montgomery,360,0570,13,570,MONTGOMERY,New York,G3600570,1354305103.76606,54560437962.1733,1354305103.76606,1,0.024822108369163
1970,1790,Cabarrus,370,0250,47,250,CABARRUS,North Carolina,G3700250,Mecklenburg,370,1190,47,1190,MECKLENBURG,North Carolina,G3701190,945303996.339204,3277102709.92287,945303996.339204,1,0.288457237997723
1970,1790,Mecklenburg,370,1190,47,1190,MECKLENBURG,North Carolina,G3701190,Mecklenburg,370,1190,47,1190,MECKLENBURG,North Carolina,G3701190,1414714857.8096,3277102709.92287,1414714857.8096,1,0.431696831938141
1970,1790,Iredell,370,0970,47,970,IREDELL,North Carolina,G3700970,Mecklenburg,370,1190,47,1190,MECKLENBURG,North Carolina,G3701190,1546250414.24121,3277102709.92287,8075445.41480937,0.00522259870744949,0.0024642027210064
1970,1790,Union,370,1790,47,1790,UNION,North Carolina,G3701790,Mecklenburg,370,1190,47,1190,MECKLENBURG,North Carolina,G3701190,1656541334.21703,3277102709.92287,909008409.444698,0.548738742987264,0.277381727064055
1970,1790,Middlesex,340,0230,12,230,MIDDLESEX,New Jersey,G3400230,Somerset,340,0350,12,350,SOMERSET,New Jersey,G3400350,813209495.419374,826474182.537223,3480745.01197737,0.00428025623358265,0.00421155927858716
1970,1790,Mercer,340,0210,12,210,MERCER,New Jersey,G3400210,Somerset,340,0350,12,350,SOMERSET,New Jersey,G3400350,589813518.510609,826474182.537223,32918422.1025083,0.0558115761497525,0.0398299460504028
1970,1790,Somerset,340,0350,12,350,SOMERSET,New Jersey,G3400350,Somerset,340,0350,12,350,SOMERSET,New Jersey,G3400350,790075015.483588,826474182.537223,790075015.483588,1,0.955958494744637
1970,1790,Richland,450,0790,48,790,RICHLAND,South Carolina,G4500790,Richland,450,0790,48,790,RICHLAND,South Carolina,G4500790,1998757878.96843,1787313068.17894,1498258464.56912,0.749594776002777,0.838274218011325
1970,1790,Kershaw,450,0550,48,550,KERSHAW,South Carolina,G4500550,Richland,450,0790,48,790,RICHLAND,South Carolina,G4500790,2031435741.02372,1787313068.17894,289054605.297334,0.142290794367765,0.161725782932839
1970,1790,Worcester,240,0470,52,450,WORCESTER,Maryland,G2400470,Worcester,240,0470,52,450,WORCESTER,Maryland,G2400470,1239394642.50099,1658847249.9562,1239394642.50099,1,0.747142114823241
1970,1790,Wicomico,240,0450,52,430,WICOMICO,Maryland,G2400450,Worcester,240,0470,52,450,WORCESTER,Maryland,G2400470,993811735.20592,1658847249.9562,419452607.45527,0.422064454057144,0.252857885176797
1970,1790,Suffolk City,510,8000,40,8000,SUFFOLK,Virginia,G5108000,Nansemond,510,1230,40,1230,NANSEMOND,Virginia,G5101230,5885453.06897836,1061697125.85738,5885453.06897836,1,0.00554343882604514
1970,1790,Nansemond,510,1230,40,1230,NANSEMOND,Virginia,G5101230,Nansemond,510,1230,40,1230,NANSEMOND,Virginia,G5101230,1055811672.78841,1061697125.85738,1055811672.78841,1,0.994456561173955
1970,1790,Greenville,450,0450,48,450,GREENVILLE,South Carolina,G4500450,Greenville,450,0450,48,450,GREENVILLE,South Carolina,G4500450,2058973770.40132,1946382978.60531,1946382978.60509,0.945317034430077,0.99999999999989
1970,1790,Newport,440,0050,5,50,NEWPORT,Rhode Island,G4400050,Bristol,440,0010,5,10,BRISTOL,Rhode Island,G4400010,282250037.514213,66751932.3352411,49194.0562595576,0.000174292470225377,0.000736968272506263
1970,1790,Bristol,440,0010,5,10,BRISTOL,Rhode Island,G4400010,Bristol,440,0010,5,10,BRISTOL,Rhode Island,G4400010,66704770.9063482,66751932.3352411,66702738.2789816,0.999969528006183,0.999263031727494
1970,1790,Knox,230,0130,2,130,KNOX,Maine,G2300130,Lincoln,250,0157,2,150,LINCOLN,Massachusetts,G2500157,975296038.843674,24365621491.6084,637451112.343695,0.653597561105106,0.0261619065437438
1970,1790,Sagadahoc,230,0230,2,230,SAGADAHOC,Maine,G2300230,Lincoln,250,0157,2,150,LINCOLN,Massachusetts,G2500157,671090540.702478,24365621491.6084,671090540.702478,1,0.0275425168585831
1970,1790,Lincoln,230,0150,2,150,LINCOLN,Maine,G2300150,Lincoln,250,0157,2,150,LINCOLN,Massachusetts,G2500157,1240591974.48443,24365621491.6084,1240591974.48443,1,0.05091567128348
1970,1790,Kennebec,230,0110,2,110,KENNEBEC,Maine,G2300110,Lincoln,250,0157,2,150,LINCOLN,Massachusetts,G2500157,2463511412.06982,24365621491.6084,2463511412.06982,1,0.101106036343799
1970,1790,Cumberland,230,0050,2,50,CUMBERLAND,Maine,G2300050,Lincoln,250,0157,2,150,LINCOLN,Massachusetts,G2500157,2498477378.37972,24365621491.6084,3582.89093782753,1.43402976902319e-06,1.47046975143297e-07
1970,1790,Androscoggin,230,0010,2,10,ANDROSCOGGIN,Maine,G2300010,Lincoln,250,0157,2,150,LINCOLN,Massachusetts,G2500157,1287795157.31283,24365621491.6084,516634274.54095,0.401177370179727,0.0212034104986356
1970,1790,Penobscot,230,0190,2,190,PENOBSCOT,Maine,G2300190,Lincoln,250,0157,2,150,LINCOLN,Massachusetts,G2500157,9210116017.44726,24365621491.6084,98618044.8870583,0.0107075790033742,0.00404742579297732
1970,1790,Franklin,230,0070,2,70,FRANKLIN,Maine,G2300070,Lincoln,250,0157,2,150,LINCOLN,Massachusetts,G2500157,4517579049.21068,24365621491.6084,727694316.933712,0.161080594054211,0.0298656168973294
1970,1790,Aroostook,230,0030,2,30,AROOSTOOK,Maine,G2300030,Lincoln,250,0157,2,150,LINCOLN,Massachusetts,G2500157,17686117690.5145,24365621491.6084,2797199060.8121,0.15815789025945,0.114801055321961
1970,1790,Somerset,230,0250,2,250,SOMERSET,Maine,G2300250,Lincoln,250,0157,2,150,LINCOLN,Massachusetts,G2500157,10606769480.3631,24365621491.6084,9112541148.6413,0.85912503005857,0.373991738802135
1970,1790,Waldo,230,0270,2,270,WALDO,Maine,G2300270,Lincoln,250,0157,2,150,LINCOLN,Massachusetts,G2500157,1956967486.03379,24365621491.6084,486018307.791388,0.248352776047601,0.0199468873781354
1970,1790,Piscataquis,230,0210,2,210,PISCATAQUIS,Maine,G2300210,Lincoln,250,0157,2,150,LINCOLN,Massachusetts,G2500157,11337008443.2669,24365621491.6084,5614267725.94781,0.495215978187097,0.230417587660606
1970,1790,Hanover,510,0850,40,850,HANOVER,Virginia,G5100850,Hanover,510,0850,40,850,HANOVER,Virginia,G5100850,1227869736.1384,1227869736.1384,1227869736.1384,1,1
1970,1790,Campbell,510,0310,40,310,CAMPBELL,Virginia,G5100310,Campbell,510,0310,40,310,CAMPBELL,Virginia,G5100310,1358358377.87458,1710036513.01803,1358358377.87458,1,0.794344663130748
1970,1790,Appomattox,510,0110,40,110,APPOMATTOX,Virginia,G5100110,Campbell,510,0310,40,310,CAMPBELL,Virginia,G5100310,866956618.772393,1710036513.01803,295105361.974602,0.340392305202617,0.172572550192962
1970,1790,Lynchburg City,510,6800,40,6800,LYNCHBURG,Virginia,G5106800,Campbell,510,0310,40,310,CAMPBELL,Virginia,G5100310,65483470.427946,1710036513.01803,56522778.8898215,0.863161016366959,0.0330535508800716
1970,1790,Bedford,510,0190,40,190,BEDFORD,Virginia,G5100190,Campbell,510,0310,40,310,CAMPBELL,Virginia,G5100310,2011316570.7867,1710036513.01803,49994.9595681727,2.48568327305223e-05,2.92361941909282e-05
1970,1790,Wilson,370,1950,47,1950,WILSON,North Carolina,G3701950,Edgecombe,370,0650,47,650,EDGECOMBE,North Carolina,G3700650,969340935.632632,1771636926.0569,432021859.616111,0.445686180924728,0.243854625776882
1970,1790,Edgecombe,370,0650,47,650,EDGECOMBE,North Carolina,G3700650,Edgecombe,370,0650,47,650,EDGECOMBE,North Carolina,G3700650,1312044695.98721,1771636926.0569,1295657931.56732,0.987510513574721,0.731333780929392
1970,1790,Nash,370,1270,47,1270,NASH,North Carolina,G3701270,Edgecombe,370,0650,47,650,EDGECOMBE,North Carolina,G3700650,1405576948.34973,1771636926.0569,43957134.8733444,0.0312733749119563,0.0248115932936547
1970,1790,Glynn,130,1270,44,1270,GLYNN,Georgia,G1301270,Glynn,130,1270,44,1270,GLYNN,Georgia,G1301270,1127342498.96184,1711318380.42724,1127342498.96184,1,0.658756729230241
1970,1790,Brantley,130,0250,44,250,BRANTLEY,Georgia,G1300250,Glynn,130,1270,44,1270,GLYNN,Georgia,G1301270,1158821828.32886,1711318380.42724,189616879.009866,0.163629019038512,0.110801637602073
1970,1790,Wayne,130,3050,44,3050,WAYNE,Georgia,G1303050,Glynn,130,1270,44,1270,GLYNN,Georgia,G1301270,1680395996.07184,1711318380.42724,394359002.509857,0.234682184099299,0.23044163319943
1970,1790,Providence,440,0070,5,70,PROVIDENCE,Rhode Island,G4400070,Providence,440,0070,5,70,PROVIDENCE,Rhode Island,G4400070,1114557259.97539,1063932337.05815,1063932337.05821,0.954578445867997,1.00000000000005
1970,1790,Washington,240,0430,52,410,WASHINGTON,Maryland,G2400430,Washington,240,0430,52,410,WASHINGTON,Maryland,G2400430,1210934437.70159,1210934437.70159,1210934437.70159,1,1
1970,1790,Oconee,450,0730,48,730,OCONEE,South Carolina,G4500730,Unorganized (No Data),450,0875,,,Unorganized (No Data),South Carolina,G4500875,1744574304.96525,231965700.125446,231965700.125446,0.132964070068696,1
1970,1790,Bryan,130,0290,44,290,BRYAN,Georgia,G1300290,Effingham,130,1030,44,1030,EFFINGHAM,Georgia,G1301030,1157167401.71326,5109745709.01839,759100414.618659,0.655998789366827,0.148559333056221
1970,1790,Jenkins,130,1650,44,1650,JENKINS,Georgia,G1301650,Effingham,130,1030,44,1030,EFFINGHAM,Georgia,G1301030,912850366.233287,5109745709.01839,246029017.24922,0.269517356129696,0.04814897477481
1970,1790,Emanuel,130,1070,44,1070,EMANUEL,Georgia,G1301070,Effingham,130,1030,44,1030,EFFINGHAM,Georgia,G1301030,1787962760.04867,5109745709.01839,8479849.76865673,0.00474274406499713,0.00165954437883089
1970,1790,Candler,130,0430,44,430,CANDLER,Georgia,G1300430,Effingham,130,1030,44,1030,EFFINGHAM,Georgia,G1301030,644432060.923984,5109745709.01839,170091041.4746,0.263939446511591,0.03328757459973
1970,1790,Screven,130,2510,44,2510,SCREVEN,Georgia,G1302510,Effingham,130,1030,44,1030,EFFINGHAM,Georgia,G1301030,1697982333.6969,5109745709.01839,892443272.802665,0.525590434654059,0.17465512446687
1970,1790,Effingham,130,1030,44,1030,EFFINGHAM,Georgia,G1301030,Effingham,130,1030,44,1030,EFFINGHAM,Georgia,G1301030,1250511427.10649,5109745709.01839,1250511427.10649,1,0.244730657515777
1970,1790,Bulloch,130,0310,44,310,BULLOCH,Georgia,G1300310,Effingham,130,1030,44,1030,EFFINGHAM,Georgia,G1301030,1784103976.79411,5109745709.01839,1783090689.06892,0.999432046708958,0.348958791808734
1970,1790,Dorchester,240,0190,52,170,DORCHESTER,Maryland,G2400190,Dorchester,240,0190,52,170,DORCHESTER,Maryland,G2400190,1506143866.46042,1511943196.35819,1506143866.46042,1,0.996164320252417
1970,1790,Caroline,240,0110,52,90,CAROLINE,Maryland,G2400110,Dorchester,240,0190,52,170,DORCHESTER,Maryland,G2400190,841326492.892624,1511943196.35819,5799328.99175118,0.00689307782500952,0.00383567914834367
1970,1790,Lancaster,510,1030,40,1030,LANCASTER,Virginia,G5101030,Lancaster,510,1030,40,1030,LANCASTER,Virginia,G5101030,353681512.756722,353681512.756722,353681512.756722,1,1
1970,1790,Bucks,420,0170,14,170,BUCKS,Pennsylvania,G4200170,Bucks,420,0170,14,170,BUCKS,Pennsylvania,G4200170,1601379277.08401,1601379277.08401,1601379277.08401,1,1
1970,1790,Northampton,510,1310,40,1310,NORTHAMPTON,Virginia,G5101310,Northampton,510,1310,40,1310,NORTHAMPTON,Virginia,G5101310,544482850.497026,544482850.497026,544482850.497026,1,1
1970,1790,Giles,510,0710,40,710,GILES,Virginia,G5100710,Greenbrier,510,0775,40,775,GREENBRIER,Virginia,G5100775,933430942.27341,14944463479.0728,33421295.2031583,0.0358047860742214,0.00223636634730709
1970,1790,Webster,540,1010,56,1010,WEBSTER,West Virginia,G5401010,Greenbrier,510,0775,40,775,GREENBRIER,Virginia,G5100775,1440388017.79571,14944463479.0728,393797172.094392,0.273396589827954,0.0263507065774451
1970,1790,Greenbrier,540,0250,56,250,GREENBRIER,West Virginia,G5400250,Greenbrier,510,0775,40,775,GREENBRIER,Virginia,G5100775,2653261354.64926,14944463479.0728,2653261354.64926,1,0.177541425850764
1970,1790,Wirt,540,1050,56,1050,WIRT,West Virginia,G5401050,Greenbrier,510,0775,40,775,GREENBRIER,Virginia,G5100775,608214185.6164,14944463479.0728,151556991.307887,0.249183585144911,0.0101413470962083
1970,1790,Monroe,540,0630,56,630,MONROE,West Virginia,G5400630,Greenbrier,510,0775,40,775,GREENBRIER,Virginia,G5100775,1226783145.46681,14944463479.0728,1098470929.87578,0.895407581963308,0.0735035373744932
1970,1790,Jackson,540,0350,56,350,JACKSON,West Virginia,G5400350,Greenbrier,510,0775,40,775,GREENBRIER,Virginia,G5100775,1221420593.18663,14944463479.0728,1221420593.18663,1,0.081730641912774
1970,1790,Summers,540,0890,56,890,SUMMERS,West Virginia,G5400890,Greenbrier,510,0775,40,775,GREENBRIER,Virginia,G5100775,952380357.21143,14944463479.0728,616038985.582283,0.64684133909066,0.0412218870516791
1970,1790,Nicholas,540,0670,56,670,NICHOLAS,West Virginia,G5400670,Greenbrier,510,0775,40,775,GREENBRIER,Virginia,G5100775,1694899877.02787,14944463479.0728,1694899877.02787,1,0.113413230217417
1970,1790,Braxton,540,0070,56,70,BRAXTON,West Virginia,G5400070,Greenbrier,510,0775,40,775,GREENBRIER,Virginia,G5100775,1336864712.13051,14944463479.0728,262931985.902577,0.196678080823566,0.0175939394726862
1970,1790,Wood,540,1070,56,1070,WOOD,West Virginia,G5401070,Greenbrier,510,0775,40,775,GREENBRIER,Virginia,G5100775,976262130.226884,14944463479.0728,103830728.375871,0.106355378500383,0.00694777223158718
1970,1790,Pocahontas,540,0750,56,750,POCAHONTAS,West Virginia,G5400750,Greenbrier,510,0775,40,775,GREENBRIER,Virginia,G5100775,2439395145.76435,14944463479.0728,702568945.715088,0.28800948748914,0.0470119885333399
1970,1790,Clay,540,0150,56,150,CLAY,West Virginia,G5400150,Greenbrier,510,0775,40,775,GREENBRIER,Virginia,G5100775,890495846.771191,14944463479.0728,890495846.771191,1,0.0595870067880443
1970,1790,Roane,540,0870,56,870,ROANE,West Virginia,G5400870,Greenbrier,510,0775,40,775,GREENBRIER,Virginia,G5100775,1252902746.85069,14944463479.0728,1246402701.20657,0.994812011019644,0.0834023050042543
1970,1790,Mason,540,0530,56,530,MASON,West Virginia,G5400530,Greenbrier,510,0775,40,775,GREENBRIER,Virginia,G5100775,1152033351.78704,14944463479.0728,628827993.064152,0.545841830089999,0.0420776559790667
1970,1790,Calhoun,540,0130,56,130,CALHOUN,West Virginia,G5400130,Greenbrier,510,0775,40,775,GREENBRIER,Virginia,G5100775,726855690.635316,14944463479.0728,266911290.578167,0.367213594138432,0.0178602123088548
1970,1790,Kanawha,540,0390,56,390,KANAWHA,West Virginia,G5400390,Greenbrier,510,0775,40,775,GREENBRIER,Virginia,G5100775,2359448371.22353,14944463479.0728,1530942662.87652,0.648856182465493,0.10244212948965
1970,1790,Fayette,540,0190,56,190,FAYETTE,West Virginia,G5400190,Greenbrier,510,0775,40,775,GREENBRIER,Virginia,G5100775,1731056971.83238,14944463479.0728,1029524175.29267,0.594737314857344,0.0688900057693171
1970,1790,Putnam,540,0790,56,790,PUTNAM,West Virginia,G5400790,Greenbrier,510,0775,40,775,GREENBRIER,Virginia,G5100775,907535101.275631,14944463479.0728,419159956.816603,0.461866385363423,0.0280478424269674
1970,1790,Westchester,360,1190,13,1190,WESTCHESTER,New York,G3601190,Westchester,360,1190,13,1190,WESTCHESTER,New York,G3601190,1166537414.75288,1277526512.65449,1166537414.75288,1,0.913121882949425
1970,1790,New York,360,0610,13,610,NEW YORK,New York,G3600610,Westchester,360,1190,13,1190,WESTCHESTER,New York,G3601190,59669749.3686744,1277526512.65449,721413.625311047,0.0120901065103145,0.00056469561935906
1970,1790,Bronx,360,0050,13,50,BRONX,New York,G3600050,Westchester,360,1190,13,1190,WESTCHESTER,New York,G3601190,110267684.276184,1277526512.65449,110267684.276184,1,0.0863134214311259
1970,1790,Catawba,370,0350,47,350,CATAWBA,North Carolina,G3700350,Lincoln,370,1090,47,1090,LINCOLN,North Carolina,G3701090,1070992758.97569,3266767201.28557,1070992758.97569,1,0.327844836495917
1970,1790,Cleveland,370,0450,47,450,CLEVELAND,North Carolina,G3700450,Lincoln,370,1090,47,1090,LINCOLN,North Carolina,G3701090,1213668752.42853,3266767201.28557,458987007.971552,0.378181449471387,0.140501902857028
1970,1790,Lincoln,370,1090,47,1090,LINCOLN,North Carolina,G3701090,Lincoln,370,1090,47,1090,LINCOLN,North Carolina,G3701090,795207490.628943,3266767201.28557,795207490.628943,1,0.243423372903954
1970,1790,Gaston,370,0710,47,710,GASTON,North Carolina,G3700710,Lincoln,370,1090,47,1090,LINCOLN,North Carolina,G3701090,941579942.59407,3266767201.28557,941579942.59407,1,0.288229887401689
1970,1790,Juniata,420,0670,14,670,JUNIATA,Pennsylvania,G4200670,Huntingdon,420,0610,14,610,HUNTINGDON,Pennsylvania,G4200610,1019337156.98884,5717238256.20719,53488152.3396492,0.0524734647147123,0.00935559267301433
1970,1790,Mifflin,420,0870,14,870,MIFFLIN,Pennsylvania,G4200870,Huntingdon,420,0610,14,610,HUNTINGDON,Pennsylvania,G4200610,1073818981.69831,5717238256.20719,82839559.7403115,0.0771448085312253,0.0144894363376186
1970,1790,Blair,420,0130,14,130,BLAIR,Pennsylvania,G4200130,Huntingdon,420,0610,14,610,HUNTINGDON,Pennsylvania,G4200610,1365216360.31493,5717238256.20719,1061438191.83234,0.777487160780496,0.185655756200109
1970,1790,Centre,420,0270,14,270,CENTRE,Pennsylvania,G4200270,Huntingdon,420,0610,14,610,HUNTINGDON,Pennsylvania,G4200610,2879676542.30276,5717238256.20719,154581759.852049,0.05368025109113,0.0270378376630045
1970,1790,Clearfield,420,0330,14,330,CLEARFIELD,Pennsylvania,G4200330,Huntingdon,420,0610,14,610,HUNTINGDON,Pennsylvania,G4200610,2988325392.99642,5717238256.20719,1357897692.81287,0.454400881508854,0.237509376373916
1970,1790,Indiana,420,0630,14,630,INDIANA,Pennsylvania,G4200630,Huntingdon,420,0610,14,610,HUNTINGDON,Pennsylvania,G4200610,2160788575.03515,5717238256.20719,584431.334715307,0.000270471318419388,0.000102222665651688
1970,1790,Huntingdon,420,0610,14,610,HUNTINGDON,Pennsylvania,G4200610,Huntingdon,420,0610,14,610,HUNTINGDON,Pennsylvania,G4200610,2302570674.496,5717238256.20719,2302570674.496,1,0.402741773442117
1970,1790,Cambria,420,0210,14,210,CAMBRIA,Pennsylvania,G4200210,Huntingdon,420,0610,14,610,HUNTINGDON,Pennsylvania,G4200610,1795970443.57143,5717238256.20719,703837799.849326,0.391898320135876,0.123108005702783
1970,1790,Rutherford,370,1610,47,1610,RUTHERFORD,North Carolina,G3701610,Burke,370,0230,47,230,BURKE,North Carolina,G3700230,1465691622.13458,6459929531.37099,21295249.9835282,0.0145291476473847,0.00329651428550625
1970,1790,Mcdowell,370,1110,47,1110,MCDOWELL,North Carolina,G3701110,Burke,370,0230,47,230,BURKE,North Carolina,G3700230,1156229154.1137,6459929531.37099,1156229154.1137,1,0.178984793641907
1970,1790,Caldwell,370,0270,47,270,CALDWELL,North Carolina,G3700270,Burke,370,0230,47,230,BURKE,North Carolina,G3700230,1228422501.71109,6459929531.37099,912244586.519058,0.742614682854129,0.141215872725697
1970,1790,Watauga,370,1890,47,1890,WATAUGA,North Carolina,G3701890,Burke,370,0230,47,230,BURKE,North Carolina,G3700230,809965398.128635,6459929531.37099,7523519.08304822,0.00928869196194153,0.00116464414147433
1970,1790,Avery,370,0110,47,110,AVERY,North Carolina,G3700110,Burke,370,0230,47,230,BURKE,North Carolina,G3700230,640268410.025917,6459929531.37099,358459686.28433,0.559858460406972,0.0554897208310961
1970,1790,Madison,370,1150,47,1150,MADISON,North Carolina,G3701150,Burke,370,0230,47,230,BURKE,North Carolina,G3700230,1169603159.2704,6459929531.37099,431429159.837054,0.36886798433939,0.066785428191117
1970,1790,Alexander,370,0030,47,30,ALEXANDER,North Carolina,G3700030,Burke,370,0230,47,230,BURKE,North Carolina,G3700230,681523519.258282,6459929531.37099,295750381.803366,0.433954769639113,0.045782292262962
1970,1790,Buncombe,370,0210,47,210,BUNCOMBE,North Carolina,G3700210,Burke,370,0230,47,230,BURKE,North Carolina,G3700230,1708886244.6217,6459929531.37099,764936674.02322,0.44762293360993,0.118412541546855
1970,1790,Yancey,370,1990,47,1990,YANCEY,North Carolina,G3701990,Burke,370,0230,47,230,BURKE,North Carolina,G3700230,810950355.132232,6459929531.37099,802453830.555656,0.989522756204737,0.124220214269946
1970,1790,Burke,370,0230,47,230,BURKE,North Carolina,G3700230,Burke,370,0230,47,230,BURKE,North Carolina,G3700230,1333573001.06322,6459929531.37099,1333573001.06322,1,0.206437700997675
1970,1790,Mitchell,370,1210,47,1210,MITCHELL,North Carolina,G3701210,Burke,370,0230,47,230,BURKE,North Carolina,G3700230,575339529.250156,6459929531.37099,376034281.102878,0.653586729201392,0.0582102760218613
1970,1790,Bennington,500,0030,6,30,BENNINGTON,Vermont,G5000030,Bennington,500,0030,6,30,BENNINGTON,Vermont,G5000030,1755121364.99639,1756611622.67057,1755121364.99639,1,0.999151629389815
1970,1790,Rutland,500,0210,6,210,RUTLAND,Vermont,G5000210,Bennington,500,0030,6,30,BENNINGTON,Vermont,G5000030,2446912646.92751,1756611622.67057,1490257.67418283,0.00060903591145932,0.000848370610184849
1970,1790,Kent,100,0010,11,10,KENT,Delaware,G1000010,New Castle,100,0030,11,30,NEW CASTLE,Delaware,G1000030,1548770811.40896,1144705776.61249,23099467.4731583,0.0149147099770973,0.020179392770705
1970,1790,New Castle,100,0030,11,30,NEW CASTLE,Delaware,G1000030,New Castle,100,0030,11,30,NEW CASTLE,Delaware,G1000030,1121606309.13934,1144705776.61249,1121606309.13934,1,0.979820607229304
1970,1790,Johnston,370,1010,47,1010,JOHNSTON,North Carolina,G3701010,Johnston,370,1010,47,1010,JOHNSTON,North Carolina,G3701010,2061111063.22376,2175517494.50964,2061111063.22376,1,0.94741185415672
1970,1790,Wilson,370,1950,47,1950,WILSON,North Carolina,G3701950,Johnston,370,1010,47,1010,JOHNSTON,North Carolina,G3701010,969340935.632632,2175517494.50964,114406431.285898,0.118024966325426,0.0525881458432884
1970,1790,Richmond,510,1590,40,1590,RICHMOND,Virginia,G5101590,Richmond,510,1590,40,1590,RICHMOND,Virginia,G5101590,504150644.453962,504150644.453962,504150644.453962,1,1
